#DataThief /Users/tuckermcclanahan/Downloads/./DH-3-BAL-CAL-Balanced-Calibrated_Source_Spectral_Output.png Tuesday 20-Feb-2018 3:04:16 P

230.1493, 16.7667
230.1454, 16.7206
230.1415, 16.6743
230.1376, 16.6282
230.1337, 16.5819
230.1298, 16.5358
230.1259, 16.4896
230.1219, 16.4434
230.1181, 16.3972
230.1142, 16.351
230.1103, 16.3048
230.1064, 16.2587
231.7926, 16.2125
231.7887, 16.1663
231.7848, 16.1201
231.7809, 16.0739
231.777, 16.0277
231.7731, 15.9815
231.7692, 15.9353
231.7652, 15.8891
231.7614, 15.843
231.7574, 15.7968
233.4437, 15.7506
233.4398, 15.7044
233.4359, 15.6582
233.432, 15.612
233.4281, 15.5657
233.4242, 15.5196
233.4203, 15.4734
233.4163, 15.4273
233.4125, 15.3811
233.4086, 15.3349
233.4047, 15.2887
233.4008, 15.2425
233.3969, 15.1963
233.393, 15.1501
235.0792, 15.1039
235.0753, 15.0577
235.0714, 15.0115
235.0675, 14.9654
235.0636, 14.9192
235.0597, 14.873
235.0558, 14.8268
235.0519, 14.7806
235.048, 14.7344
235.0441, 14.6882
235.0402, 14.642
235.0363, 14.5958
236.7225, 14.5497
236.7186, 14.5034
236.7147, 14.4573
236.7107, 14.4111
236.7069, 14.3649
236.7029, 14.3187
236.6991, 14.2725
238.3853, 14.2263
238.3814, 14.1801
238.3775, 14.1339
238.3736, 14.0878
238.3697, 14.0416
238.3658, 13.9954
238.3618, 13.9492
238.358, 13.903
238.3541, 13.8568
238.3502, 13.8106
240.0364, 13.7644
240.0325, 13.7182
240.0286, 13.6721
240.0247, 13.6259
240.0208, 13.5796
240.0169, 13.5335
240.013, 13.4873
240.0091, 13.4411
240.0052, 13.3949
241.6914, 13.3487
241.6875, 13.3025
241.6836, 13.2564
241.6797, 13.2102
241.6758, 13.164
241.6719, 13.1178
241.668, 13.0716
243.3543, 13.0254
243.3504, 12.9792
243.3465, 12.933
243.3425, 12.8868
243.3386, 12.8406
243.3347, 12.7945
243.3308, 12.7483
243.3269, 12.7021
243.323, 12.6559
243.3191, 12.6097
243.3152, 12.5635
245.0015, 12.5173
244.9976, 12.4711
244.9937, 12.4249
244.9898, 12.3788
244.9859, 12.3326
244.9819, 12.2864
244.978, 12.2402
244.9741, 12.194
246.6604, 12.1478
246.6564, 12.1016
246.6526, 12.0554
246.6487, 12.0092
246.6448, 11.963
246.6409, 11.9169
246.637, 11.8707
248.3232, 11.8245
248.3193, 11.7783
248.3154, 11.7321
248.3115, 11.6859
248.3075, 11.6397
248.3037, 11.5935
248.2998, 11.5473
248.2959, 11.5011
248.292, 11.455
248.2881, 11.4088
248.2842, 11.3626
248.2803, 11.3164
249.9665, 11.2702
249.9626, 11.224
249.9586, 11.1778
249.9548, 11.1316
249.9508, 11.0855
249.947, 11.0393
249.9431, 10.9931
249.9392, 10.9468
249.9353, 10.9007
249.9314, 10.8545
249.9275, 10.8083
251.6137, 10.7621
251.6098, 10.7159
251.6059, 10.6697
251.6019, 10.6236
251.5981, 10.5774
251.5941, 10.5312
251.5903, 10.4849
251.5864, 10.4388
251.5825, 10.3926
251.5786, 10.3464
253.2648, 10.3002
253.2609, 10.254
253.257, 10.2079
253.253, 10.1617
253.2492, 10.1155
253.2453, 10.0693
253.2414, 10.0231
253.2375, 9.9769
254.9237, 9.9306
254.9198, 9.8845
254.9159, 9.8383
254.912, 9.7921
254.9081, 9.746
254.9042, 9.6998
256.5904, 9.6536
256.5865, 9.6074
258.2767, 9.6074
258.2728, 9.5612
259.959, 9.515
261.6492, 9.515
261.6453, 9.4687
263.3354, 9.4687
265.0255, 9.4687
266.7118, 9.4226
266.7079, 9.3764
266.704, 9.3303
266.7001, 9.2841
268.3862, 9.2379
268.3824, 9.1917
268.3785, 9.1455
268.3746, 9.0993
268.3707, 9.0531
268.3668, 9.0069
270.053, 8.9607
270.0491, 8.9144
270.0452, 8.8683
270.0413, 8.8222
270.0374, 8.776
270.0335, 8.7298
270.0296, 8.6836
270.0257, 8.6374
271.7119, 8.5912
271.708, 8.545
271.7041, 8.4988
271.7002, 8.4527
271.6963, 8.4064
271.6924, 8.3603
271.6885, 8.3141
271.6846, 8.2679
271.6806, 8.2217
271.6768, 8.1755
271.6729, 8.1293
271.669, 8.0831
271.6651, 8.037
271.6612, 7.9908
271.6573, 7.9445
271.6534, 7.8984
273.3396, 7.8521
273.3357, 7.806
273.3317, 7.7598
273.3279, 7.7136
273.324, 7.6674
273.3201, 7.6212
273.3162, 7.5751
273.3123, 7.5289
273.3084, 7.4827
273.3045, 7.4365
274.9907, 7.3902
274.9868, 7.3441
274.9828, 7.2979
274.979, 7.2517
274.975, 7.2055
274.9712, 7.1594
276.6575, 7.1132
278.3437, 7.067
278.3397, 7.0208
280.0299, 7.0208
280.026, 6.9746
280.0221, 6.9284
280.026, 6.9746
280.0299, 7.0208
280.0338, 7.067
280.0377, 7.1132
280.0416, 7.1594
280.0377, 7.1132
280.0338, 7.067
281.7201, 7.0208
283.4141, 7.067
285.1082, 7.1132
286.8022, 7.1594
288.4962, 7.2055
288.4923, 7.1594
290.1786, 7.1132
290.1747, 7.067
290.1708, 7.0208
290.1669, 6.9746
291.8531, 6.9284
291.8492, 6.8822
291.8453, 6.8359
291.8414, 6.7898
293.5276, 6.7436
293.5237, 6.6975
293.5198, 6.6513
295.2061, 6.6051
295.2022, 6.5589
295.1983, 6.5127
296.8845, 6.4665
296.8806, 6.4203
296.8767, 6.374
296.8728, 6.3279
298.559, 6.2818
298.5551, 6.2356
298.5512, 6.1894
298.5473, 6.1432
300.2335, 6.097
300.2296, 6.0508
300.2257, 6.0046
300.2218, 5.9584
300.2179, 5.9122
300.214, 5.866
300.2101, 5.8199
301.8963, 5.7737
301.8925, 5.7275
301.8885, 5.6813
301.8847, 5.6351
301.8808, 5.5889
303.567, 5.5427
303.5631, 5.4965
303.5592, 5.4503
303.5553, 5.4042
305.2415, 5.358
305.2376, 5.3118
305.2337, 5.2656
305.2298, 5.2194
306.916, 5.1732
306.9121, 5.127
308.5984, 5.0808
308.5945, 5.0346
310.2807, 4.9885
310.2768, 4.9423
311.963, 4.8961
311.959, 4.8498
313.6493, 4.8498
313.6454, 4.8037
313.6415, 4.7574
315.3277, 4.7113
315.3237, 4.6651
317.0101, 4.6189
317.0061, 4.5727
318.6924, 4.5266
318.6885, 4.4804
318.6846, 4.4342
320.3747, 4.4342
320.3708, 4.388
322.0571, 4.3418
322.0532, 4.2955
323.7393, 4.2494
323.7355, 4.2032
323.7316, 4.157
325.4178, 4.1109
325.4139, 4.0647
327.1002, 4.0185
328.7903, 4.0185
330.4765, 3.9723
332.1628, 3.9261
332.1589, 3.8799
332.155, 3.8336
332.1511, 3.7875
333.8373, 3.7412
335.5234, 3.6952
337.2098, 3.649
338.8999, 3.649
340.5861, 3.6028
342.2724, 3.5566
343.9586, 3.5104
345.6449, 3.4642
347.3311, 3.418
349.0173, 3.3718
349.0134, 3.3256
349.0095, 3.2793
350.6958, 3.2333
350.6919, 3.1871
352.378, 3.1409
354.0643, 3.0947
355.7545, 3.0947
355.7506, 3.0485
357.4368, 3.0023
359.127, 3.0023
360.8132, 2.9561
360.8093, 2.9099
362.4994, 2.9099
364.1857, 2.8637
365.8758, 2.8637
365.8719, 2.8176
367.5581, 2.7713
369.2483, 2.7713
370.9344, 2.7252
370.9306, 2.679
372.6208, 2.679
374.307, 2.6328
375.9971, 2.6328
377.6873, 2.6328
379.3774, 2.6328
381.0676, 2.6328
382.7538, 2.5866
384.44, 2.5404
384.4361, 2.4942
386.1224, 2.448
387.8086, 2.4018
389.4987, 2.4018
391.185, 2.3557
392.8751, 2.3557
394.5614, 2.3094
396.2515, 2.3094
396.2476, 2.2633
396.2437, 2.2171
396.2398, 2.1709
396.2359, 2.1247
397.9221, 2.0785
397.9182, 2.0323
399.6045, 1.9861
399.6006, 1.94
401.2907, 1.94
402.9769, 1.8938
402.9729, 1.8476
404.6632, 1.8476
406.3494, 1.8014
408.0357, 1.7551
409.7219, 1.709
411.412, 1.709
413.1022, 1.709
414.7923, 1.709
416.4825, 1.709
418.1726, 1.709
419.8627, 1.709
421.5529, 1.709
423.2391, 1.6627
424.9253, 1.6166
424.9214, 1.5704
426.6077, 1.5242
426.6038, 1.4781
428.29, 1.4319
428.2861, 1.3857
428.2822, 1.3395
429.9684, 1.2933
429.9645, 1.2471
429.9606, 1.2009
431.6469, 1.1547
431.643, 1.1085
431.6391, 1.0624
433.3253, 1.0162
433.3214, 0.97
435.0076, 0.9238
435.0037, 0.8776
434.9998, 0.8314
436.6861, 0.7852
436.6822, 0.7389
438.3684, 0.6928
438.3645, 0.6467
440.0507, 0.6005
441.737, 0.5543
443.4232, 0.5081
445.1134, 0.5081
446.7995, 0.4619
446.7957, 0.4157
448.4858, 0.4157
450.1799, 0.4619
451.8739, 0.5081
453.568, 0.5543
455.2581, 0.5543
456.9482, 0.5543
458.6383, 0.5543
460.3324, 0.6005
462.0226, 0.6005
463.7166, 0.6467
465.4068, 0.6467
467.1008, 0.6928
468.7909, 0.6928
470.4811, 0.6928
472.1712, 0.6928
473.8653, 0.7389
475.5554, 0.7389
475.5593, 0.7852
477.2495, 0.7852
478.9396, 0.7852
480.6297, 0.7852
482.3199, 0.7852
484.01, 0.7852
485.7002, 0.7852
487.3902, 0.7852
489.0804, 0.7852
490.7706, 0.7852
492.4567, 0.7389
494.1431, 0.6928
495.8293, 0.6467
497.5154, 0.6005
499.2018, 0.5543
500.888, 0.5081
502.5781, 0.5081
504.2644, 0.4619
505.9545, 0.4619
507.6447, 0.4619
509.3348, 0.4619
511.0249, 0.4619
512.7151, 0.4619
514.4052, 0.4619
516.0915, 0.4157
517.7816, 0.4157
519.4717, 0.4157
521.158, 0.3695
522.8481, 0.3695
524.5383, 0.3695
526.2284, 0.3695
527.9186, 0.3695
529.6087, 0.3695
531.2988, 0.3695
532.9889, 0.3695
534.6791, 0.3695
536.3693, 0.3695
538.0594, 0.3695
539.7495, 0.3695
541.4358, 0.3233
543.1259, 0.3233
544.8161, 0.3233
546.5062, 0.3233
548.1963, 0.3233
549.8864, 0.3233
551.5766, 0.3233
553.2668, 0.3233
554.9569, 0.3233
556.647, 0.3233
558.3372, 0.3233
560.0273, 0.3233
561.7175, 0.3233
563.4076, 0.3233
565.0977, 0.3233
566.7879, 0.3233
568.478, 0.3233
570.1682, 0.3233
571.8582, 0.3233
573.5524, 0.3695
575.2425, 0.3695
576.9325, 0.3695
578.6228, 0.3695
580.3129, 0.3695
582.0031, 0.3695
583.6932, 0.3695
585.3833, 0.3695
587.0774, 0.4157
588.7675, 0.4157
590.4577, 0.4157
592.1478, 0.4157
593.8378, 0.4157
595.532, 0.4619
597.2221, 0.4619
598.9123, 0.4619
600.6024, 0.4619
602.2926, 0.4619
603.9827, 0.4619
605.6728, 0.4619
607.363, 0.4619
609.0531, 0.4619
610.7471, 0.5081
612.4373, 0.5081
614.1274, 0.5081
615.8176, 0.5081
617.5077, 0.5081
619.2018, 0.5543
620.8919, 0.5543
622.5821, 0.5543
624.2722, 0.5543
625.9623, 0.5543
627.6524, 0.5543
629.3465, 0.6005
631.0367, 0.6005
632.7268, 0.6005
634.4169, 0.6005
636.1071, 0.6005
637.7972, 0.6005
639.4874, 0.6005
641.1775, 0.6005
642.8676, 0.6005
644.5617, 0.6467
646.2518, 0.6467
647.942, 0.6467
649.632, 0.6467
651.3223, 0.6467
653.0163, 0.6928
654.7064, 0.6928
656.3966, 0.6928
658.0867, 0.6928
659.7769, 0.6928
661.4708, 0.7389
663.161, 0.7389
664.8512, 0.7389
666.5413, 0.7389
668.2315, 0.7389
669.9255, 0.7852
671.6157, 0.7852
673.3058, 0.7852
674.9959, 0.7852
676.6861, 0.7852
678.3801, 0.8314
680.0703, 0.8314
681.7604, 0.8314
683.4505, 0.8314
685.1407, 0.8314
686.8308, 0.8314
688.521, 0.8314
690.2111, 0.8314
691.9051, 0.8776
693.5953, 0.8776
695.2854, 0.8776
696.9756, 0.8776
698.6696, 0.9238
700.3598, 0.9238
702.0499, 0.9238
703.74, 0.9238
705.4302, 0.9238
707.1203, 0.9238
708.8144, 0.97
710.5045, 0.97
712.1945, 0.97
713.8848, 0.97
715.5749, 0.97
717.269, 1.0162
718.959, 1.0162
720.6493, 1.0162
722.3394, 1.0162
724.0295, 1.0162
725.7236, 1.0624
727.4137, 1.0624
729.1039, 1.0624
730.794, 1.0624
732.4841, 1.0624
734.1743, 1.0624
735.8683, 1.1085
737.5585, 1.1085
739.2486, 1.1085
740.9388, 1.1085
742.6328, 1.1547
744.3229, 1.1547
746.0131, 1.1547
747.7032, 1.1547
749.3934, 1.1547
751.0874, 1.2009
752.7774, 1.2009
754.4677, 1.2009
756.1578, 1.2009
757.8479, 1.2009
759.5381, 1.2009
761.2322, 1.2471
762.9223, 1.2471
764.6124, 1.2471
766.3026, 1.2471
767.9927, 1.2471
769.6867, 1.2933
771.3769, 1.2933
773.067, 1.2933
774.7572, 1.2933
776.4473, 1.2933
778.1375, 1.2933
779.8276, 1.2933
781.5215, 1.3395
783.2118, 1.3395
784.9019, 1.3395
786.592, 1.3395
788.2861, 1.3857
789.9763, 1.3857
791.6663, 1.3857
793.3565, 1.3857
795.0467, 1.3857
796.7407, 1.4319
798.4309, 1.4319
800.121, 1.4319
801.8111, 1.4319
803.5013, 1.4319
805.1953, 1.4781
806.8855, 1.4781
808.5756, 1.4781
810.2697, 1.5242
811.9598, 1.5242
813.6499, 1.5242
815.3401, 1.5242
817.0302, 1.5242
818.7204, 1.5242
820.4144, 1.5704
822.1045, 1.5704
823.7947, 1.5704
825.4848, 1.5704
827.1789, 1.6166
828.869, 1.6166
830.5592, 1.6166
832.2493, 1.6166
833.9433, 1.6627
835.6335, 1.6627
837.3235, 1.6627
839.0138, 1.6627
840.7078, 1.709
842.3979, 1.709
844.092, 1.7551
845.7821, 1.7551
847.4762, 1.8014
849.1663, 1.8014
850.8604, 1.8476
852.5505, 1.8476
854.2445, 1.8938
855.9386, 1.94
857.6287, 1.94
859.3189, 1.94
859.3228, 1.9861
861.0168, 2.0323
862.7109, 2.0785
864.4049, 2.1247
866.0989, 2.1709
867.7891, 2.1709
869.483, 2.2171
869.487, 2.2633
871.1811, 2.3094
872.8751, 2.3557
872.879, 2.4018
874.5731, 2.448
874.577, 2.4942
876.271, 2.5404
877.9651, 2.5866
877.9689, 2.6328
879.663, 2.679
879.6669, 2.7252
881.361, 2.7713
883.055, 2.8176
883.0589, 2.8637
884.753, 2.9099
884.7569, 2.9561
886.4509, 3.0023
886.4548, 3.0485
888.1488, 3.0947
888.1528, 3.1409
888.1567, 3.1871
888.1606, 3.2333
889.8546, 3.2793
891.5486, 3.3256
891.5525, 3.3718
891.5565, 3.418
893.2505, 3.4642
893.2544, 3.5104
894.9445, 3.5104
894.9484, 3.5566
894.9523, 3.6028
894.9563, 3.649
896.6503, 3.6952
896.6542, 3.7412
896.6581, 3.7875
896.662, 3.8336
898.3559, 3.8799
898.3599, 3.9261
900.054, 3.9723
900.0579, 4.0185
900.0618, 4.0647
900.0657, 4.1109
900.0695, 4.157
901.7637, 4.2032
901.7675, 4.2494
901.7715, 4.2955
901.7753, 4.3418
901.7793, 4.388
901.7832, 4.4342
903.4772, 4.4804
903.4811, 4.5266
903.4849, 4.5727
903.4889, 4.6189
905.183, 4.6651
905.1869, 4.7113
905.1908, 4.7574
905.1947, 4.8037
905.1985, 4.8498
905.2025, 4.8961
906.8965, 4.9423
906.9003, 4.9885
906.9043, 5.0346
906.9082, 5.0808
906.9121, 5.127
906.916, 5.1732
906.9199, 5.2194
908.6139, 5.2656
908.6179, 5.3118
908.6218, 5.358
908.6257, 5.4042
908.6296, 5.4503
908.6335, 5.4965
908.6374, 5.5427
908.6413, 5.5889
910.3354, 5.6351
910.3393, 5.6813
910.3432, 5.7275
910.3471, 5.7737
910.351, 5.8199
910.3549, 5.866
910.3588, 5.9122
910.3627, 5.9584
912.0567, 6.0046
912.0606, 6.0508
912.0645, 6.097
912.0684, 6.1432
912.0723, 6.1894
912.0762, 6.2356
912.0801, 6.2818
912.0841, 6.3279
913.7781, 6.374
913.782, 6.4203
913.7859, 6.4665
913.7898, 6.5127
913.7936, 6.5589
913.7976, 6.6051
913.8014, 6.6513
913.8054, 6.6975
913.8093, 6.7436
913.8132, 6.7898
913.8171, 6.8359
913.821, 6.8822
913.8249, 6.9284
913.8288, 6.9746
913.8327, 7.0208
913.8366, 7.067
915.5307, 7.1132
915.5346, 7.1594
915.5385, 7.2055
915.5424, 7.2517
915.5463, 7.2979
915.5502, 7.3441
915.5541, 7.3902
915.558, 7.4365
915.5619, 7.4827
915.5657, 7.5289
915.5697, 7.5751
915.5735, 7.6212
915.5775, 7.6674
917.2716, 7.7136
917.2755, 7.7598
917.2793, 7.806
917.2833, 7.8521
917.2872, 7.8984
917.2911, 7.9445
917.295, 7.9908
917.2989, 8.037
917.3028, 8.0831
917.3067, 8.1293
917.3106, 8.1755
917.3145, 8.2217
919.0086, 8.2679
919.0125, 8.3141
919.0164, 8.3603
919.0203, 8.4064
919.0242, 8.4527
919.0281, 8.4988
919.032, 8.545
919.0359, 8.5912
919.0398, 8.6374
919.0437, 8.6836
919.0476, 8.7298
919.0515, 8.776
919.0554, 8.8222
919.0593, 8.8683
919.0632, 8.9144
919.0671, 8.9607
920.761, 9.0069
920.7651, 9.0531
920.769, 9.0993
920.7729, 9.1455
920.7768, 9.1917
920.7807, 9.2379
920.7846, 9.2841
920.7885, 9.3303
920.7924, 9.3764
920.7963, 9.4226
920.8002, 9.4687
920.8041, 9.515
922.4981, 9.5612
922.502, 9.6074
922.5059, 9.6536
922.5098, 9.6998
922.5137, 9.746
922.5175, 9.7921
922.5215, 9.8383
922.5255, 9.8845
922.5293, 9.9306
922.5333, 9.9769
922.5372, 10.0231
922.5411, 10.0693
922.545, 10.1155
922.5489, 10.1617
922.5528, 10.2079
922.5567, 10.254
922.5606, 10.3002
922.5645, 10.3464
922.5684, 10.3926
922.5723, 10.4388
924.2663, 10.4849
924.2702, 10.5312
924.2741, 10.5774
924.278, 10.6236
924.282, 10.6697
924.2859, 10.7159
924.2898, 10.7621
924.2937, 10.8083
924.2976, 10.8545
924.3014, 10.9007
924.3054, 10.9468
924.3093, 10.9931
924.3132, 11.0393
924.3171, 11.0855
924.321, 11.1316
924.3249, 11.1778
924.3288, 11.224
924.3327, 11.2702
924.3366, 11.3164
924.3405, 11.3626
924.3444, 11.4088
924.3483, 11.455
924.3522, 11.5011
924.3561, 11.5473
924.3599, 11.5935
926.0541, 11.6397
926.058, 11.6859
926.0619, 11.7321
926.0658, 11.7783
926.0697, 11.8245
926.0735, 11.8707
926.0775, 11.9169
926.0814, 11.963
926.0853, 12.0092
926.0892, 12.0554
926.0931, 12.1016
926.097, 12.1478
926.1009, 12.194
926.1048, 12.2402
926.1087, 12.2864
926.1126, 12.3326
926.1165, 12.3788
926.1204, 12.4249
927.8145, 12.4711
927.8184, 12.5173
927.8223, 12.5635
927.8262, 12.6097
927.83, 12.6559
927.834, 12.7021
927.8378, 12.7483
927.8418, 12.7945
927.8457, 12.8406
927.8496, 12.8868
927.8535, 12.933
927.8574, 12.9792
929.5514, 13.0254
929.5553, 13.0716
929.5592, 13.1178
929.5632, 13.164
929.5671, 13.2102
929.571, 13.2564
929.5749, 13.3025
929.5788, 13.3487
929.5827, 13.3949
929.5866, 13.4411
929.5905, 13.4873
929.5944, 13.5335
929.5983, 13.5796
931.2923, 13.6259
931.2962, 13.6721
931.3001, 13.7182
931.304, 13.7644
931.3079, 13.8106
931.3118, 13.8568
931.3157, 13.903
931.3197, 13.9492
931.3235, 13.9954
931.3275, 14.0416
931.3314, 14.0878
931.3353, 14.1339
931.3392, 14.1801
931.3431, 14.2263
931.347, 14.2725
931.3509, 14.3187
931.3548, 14.3649
931.3587, 14.4111
931.3626, 14.4573
931.3665, 14.5034
933.0605, 14.5497
933.0644, 14.5958
933.0683, 14.642
933.0722, 14.6882
933.0761, 14.7344
933.0801, 14.7806
933.084, 14.8268
933.0879, 14.873
933.0918, 14.9192
933.0957, 14.9654
933.0996, 15.0115
933.1035, 15.0577
933.1074, 15.1039
933.1113, 15.1501
933.1152, 15.1963
933.1191, 15.2425
933.123, 15.2887
933.1269, 15.3349
933.1308, 15.3811
934.8248, 15.4273
934.8287, 15.4734
934.8326, 15.5196
934.8365, 15.5657
934.8405, 15.612
934.8444, 15.6582
934.8483, 15.7044
934.8521, 15.7506
934.8561, 15.7968
934.8599, 15.843
934.8639, 15.8891
934.8678, 15.9353
934.8717, 15.9815
934.8756, 16.0277
934.8795, 16.0739
934.8834, 16.1201
936.5774, 16.1663
936.5813, 16.2125
936.5852, 16.2587
936.5891, 16.3048
936.593, 16.351
936.5969, 16.3972
936.6009, 16.4434
936.6048, 16.4896
936.6087, 16.5358
936.6126, 16.5819
936.6165, 16.6282
936.6204, 16.6743
936.6242, 16.7206
936.6282, 16.7667
936.632, 16.8129
936.636, 16.8591
936.6399, 16.9053
936.6438, 16.9515
936.6477, 16.9977
938.3417, 17.0439
938.3456, 17.0901
938.3495, 17.1363
938.3534, 17.1824
938.3573, 17.2286
938.3613, 17.2748
938.3652, 17.321
938.3691, 17.3672
938.373, 17.4134
938.3769, 17.4596
938.3808, 17.5058
940.0748, 17.552
940.0787, 17.5981
940.0826, 17.6442
940.0865, 17.6905
940.0904, 17.7367
940.0943, 17.7829
940.0982, 17.8291
940.1021, 17.8753
940.106, 17.9215
940.1099, 17.9677
940.1138, 18.0139
941.8079, 18.06
941.8117, 18.1062
941.8157, 18.1524
941.8195, 18.1985
941.8235, 18.2448
941.8274, 18.291
941.8313, 18.3372
941.8352, 18.3834
941.8391, 18.4296
941.843, 18.4758
943.5371, 18.5219
943.541, 18.5681
943.5449, 18.6143
943.5488, 18.6604
943.5527, 18.7067
943.5566, 18.7529
945.2506, 18.7991
945.2545, 18.8453
945.2584, 18.8915
945.2623, 18.9376
945.2662, 18.9838
945.2701, 19.03
945.274, 19.0762
946.9681, 19.1224
946.972, 19.1686
946.9759, 19.2147
946.9798, 19.261
946.9837, 19.3072
946.9876, 19.3533
948.6817, 19.3995
948.6856, 19.4457
948.6895, 19.4919
948.6934, 19.5381
948.6973, 19.5843
948.7012, 19.6305
948.705, 19.6766
950.3991, 19.7229
950.403, 19.7691
952.0971, 19.8152
952.101, 19.8614
953.795, 19.9076
953.7989, 19.9538
955.4929, 20.0
955.4969, 20.0462
955.5008, 20.0924
957.1948, 20.1386
957.1987, 20.1848
958.8928, 20.2309
958.8967, 20.2771
958.9005, 20.3233
960.5946, 20.3695
962.2887, 20.4157
962.2926, 20.4619
962.2965, 20.5081
963.9905, 20.5543
965.6806, 20.5543
967.3708, 20.5543
969.0609, 20.5543
970.7511, 20.5543
972.4412, 20.5543
974.1313, 20.5543
975.8215, 20.5543
977.5077, 20.5081
979.1979, 20.5081
980.888, 20.5081
982.5781, 20.5081
984.2683, 20.5081
985.9623, 20.5543
987.6524, 20.5543
989.3465, 20.6005
991.0406, 20.6467
991.0445, 20.6928
992.7385, 20.7389
992.7424, 20.7852
994.4365, 20.8314
994.4404, 20.8776
994.4443, 20.9238
994.4482, 20.97
994.4521, 21.0162
994.456, 21.0624
996.15, 21.1085
996.1539, 21.1547
996.1578, 21.2009
997.8519, 21.2471
997.8558, 21.2933
997.8597, 21.3395
999.5537, 21.3857
999.5575, 21.4319
999.5615, 21.4781
1001.2556, 21.5242
1001.2595, 21.5704
1001.2634, 21.6166
1002.9574, 21.6627
1002.9613, 21.709
1002.9651, 21.7551
1002.9691, 21.8014
1004.6632, 21.8476
1004.6671, 21.8938
1004.671, 21.94
1004.6749, 21.9861
1004.6787, 22.0323
1006.3728, 22.0785
1006.3767, 22.1247
1006.3806, 22.1709
1006.3845, 22.2171
1008.0786, 22.2633
1008.0825, 22.3094
1008.0864, 22.3557
1008.0903, 22.4018
1008.0942, 22.448
1009.7843, 22.448
1009.7882, 22.4942
1009.7921, 22.5404
1011.4862, 22.5866
1011.4901, 22.6328
1011.494, 22.679
1011.4979, 22.7252
1011.5018, 22.7713
1013.1958, 22.8176
1013.1998, 22.8637
1014.8938, 22.9099
1014.8977, 22.9561
1014.9016, 23.0023
1014.9055, 23.0485
1016.5996, 23.0947
1018.2936, 23.1409
1019.9876, 23.1871
1019.9915, 23.2333
1021.6856, 23.2793
1021.6895, 23.3256
1021.6934, 23.3718
1023.3874, 23.418
1025.0815, 23.4642
1026.7715, 23.4642
1028.4618, 23.4642
1030.1519, 23.4642
1031.842, 23.4642
1033.5322, 23.4642
1035.2223, 23.4642
1036.9125, 23.4642
1038.5987, 23.418
1040.2888, 23.418
1041.979, 23.418
1043.6691, 23.418
1045.3593, 23.418
1047.0493, 23.418
1048.7435, 23.4642
1050.4375, 23.5104
1052.1315, 23.5566
1053.8256, 23.6028
1055.5196, 23.649
1057.2098, 23.649
1058.9038, 23.6952
1060.5979, 23.7412
1060.6018, 23.7875
1060.6057, 23.8336
1062.2997, 23.8799
1062.3035, 23.9261
1063.9977, 23.9723
1064.0016, 24.0185
1065.6917, 24.0185
1065.6956, 24.0647
1067.3896, 24.1109
1067.3936, 24.157
1069.0876, 24.2032
1069.0915, 24.2494
1070.7854, 24.2955
1072.4796, 24.3418
1072.4835, 24.388
1072.4874, 24.4342
1074.1814, 24.4804
1075.8716, 24.4804
1075.8755, 24.5266
1077.5655, 24.5266
1079.2597, 24.5727
1080.9498, 24.5727
1080.9537, 24.6189
1082.6439, 24.6189
1084.3378, 24.6651
1086.028, 24.6651
1087.7221, 24.7113
1089.4122, 24.7113
1091.1063, 24.7574
1092.7964, 24.7574
1094.4905, 24.8037
1096.1806, 24.8037
1097.8746, 24.8498
1099.5648, 24.8498
1101.2549, 24.8498
1102.9489, 24.8961
1104.6391, 24.8961
1106.3331, 24.9423
1108.0233, 24.9423
1109.7134, 24.9423
1111.4075, 24.9885
1113.1015, 25.0346
1114.7955, 25.0808
1116.4896, 25.127
1118.1837, 25.1732
1119.8738, 25.1732
1121.5638, 25.1732
1123.258, 25.2194
1123.2619, 25.2656
1124.952, 25.2656
1124.9559, 25.3118
1126.65, 25.358
1128.3401, 25.358
1130.0342, 25.4042
1131.7243, 25.4042
1133.4144, 25.4042
1135.1046, 25.4042
1136.7947, 25.4042
1138.4849, 25.4042
1140.175, 25.4042
1141.8612, 25.358
1143.5514, 25.358
1145.2415, 25.358
1146.9278, 25.3118
1148.6139, 25.2656
1150.3041, 25.2656
1151.9904, 25.2194
1153.6766, 25.1732
1155.3628, 25.127
1157.0491, 25.0808
1158.7391, 25.0808
1160.4255, 25.0346
1162.1156, 25.0346
1163.8018, 24.9885
1165.492, 24.9885
1167.1782, 24.9423
1168.8683, 24.9423
1170.5585, 24.9423
1172.2486, 24.9423
1173.9388, 24.9423
1175.6328, 24.9885
1177.323, 24.9885
1179.0131, 24.9885
1180.7032, 24.9885
1180.7072, 25.0346
1182.4012, 25.0808
1184.0952, 25.127
1185.7893, 25.1732
1187.4833, 25.2194
1189.1735, 25.2194
1190.8636, 25.2194
1192.5577, 25.2656
1194.2517, 25.3118
1195.9418, 25.3118
1197.632, 25.3118
1199.3221, 25.3118
1201.0123, 25.3118
1202.7024, 25.3118
1204.3886, 25.2656
1206.0749, 25.2194
1207.765, 25.2194
1207.761, 25.1732
1207.7572, 25.127
1209.4474, 25.127
1209.4435, 25.0808
1209.4395, 25.0346
1209.4356, 24.9885
1211.1219, 24.9423
1211.1179, 24.8961
1212.8081, 24.8961
1212.8042, 24.8498
1212.8003, 24.8037
1212.7964, 24.7574
1212.7925, 24.7113
1214.4787, 24.6651
1214.4748, 24.6189
1214.4708, 24.5727
1214.467, 24.5266
1216.1533, 24.4804
1216.1494, 24.4342
1216.1455, 24.388
1217.8317, 24.3418
1217.8277, 24.2955
1217.8239, 24.2494
1217.8199, 24.2032
1217.8161, 24.157
1219.5023, 24.1109
1219.4984, 24.0647
1219.4945, 24.0185
1219.4906, 23.9723
1221.1769, 23.9261
1221.1729, 23.8799
1221.169, 23.8336
1221.1651, 23.7875
1222.8514, 23.7412
1222.8475, 23.6952
1222.8436, 23.649
1222.8397, 23.6028
1222.8357, 23.5566
1224.522, 23.5104
1224.5181, 23.4642
1224.5142, 23.418
1224.5103, 23.3718
1226.1965, 23.3256
1226.1926, 23.2793
1226.1887, 23.2333
1226.1848, 23.1871
1226.1809, 23.1409
1226.177, 23.0947
1227.8633, 23.0485
1227.8594, 23.0023
1227.8554, 22.9561
1227.8515, 22.9099
1227.8476, 22.8637
1229.5339, 22.8176
1229.53, 22.7713
1229.5261, 22.7252
1231.2123, 22.679
1231.2084, 22.6328
1231.2045, 22.5866
1231.2006, 22.5404
1231.1967, 22.4942
1232.8829, 22.448
1232.879, 22.4018
1232.8751, 22.3557
1232.8712, 22.3094
1232.8673, 22.2633
1234.5535, 22.2171
1234.5497, 22.1709
1234.5457, 22.1247
1234.5417, 22.0785
1236.2281, 22.0323
1236.2242, 21.9861
1236.2203, 21.94
1236.2164, 21.8938
1236.2125, 21.8476
1237.8987, 21.8014
1237.8948, 21.7551
1237.8909, 21.709
1239.5771, 21.6627
1239.5732, 21.6166
1239.5693, 21.5704
1239.5654, 21.5242
1239.5615, 21.4781
1241.2478, 21.4319
1241.2439, 21.3857
1241.24, 21.3395
1242.9262, 21.2933
1242.9223, 21.2471
1242.9184, 21.2009
1242.9144, 21.1547
1244.6007, 21.1085
1244.5968, 21.0624
1244.5929, 21.0162
1244.589, 20.97
1246.2752, 20.9238
1246.2713, 20.8776
1247.9576, 20.8314
1247.9537, 20.7852
1249.6399, 20.7389
1249.636, 20.6928
1251.3223, 20.6467
1251.3183, 20.6005
1253.0046, 20.5543
1254.6947, 20.5543
1256.3849, 20.5543
1258.0711, 20.5081
1259.7612, 20.5081
1259.7651, 20.5543
1261.4592, 20.6005
1261.4631, 20.6467
1263.1571, 20.6928
1264.8512, 20.7389
1264.8551, 20.7852
1266.5491, 20.8314
1266.553, 20.8776
1268.2471, 20.9238
1268.251, 20.97
1269.9449, 21.0162
1271.6391, 21.0624
1271.643, 21.1085
1273.337, 21.1547
1273.3409, 21.2009
1275.035, 21.2471
1275.0389, 21.2933
1276.7328, 21.3395
1276.7368, 21.3857
1278.4309, 21.4319
1278.4348, 21.4781
1280.1288, 21.5242
1280.1327, 21.5704
1281.8268, 21.6166
1281.8307, 21.6627
1280.1444, 21.709
1280.1482, 21.7551
1280.1522, 21.8014
1280.1561, 21.8476
1280.16, 21.8938
1281.854, 21.94
1281.858, 21.9861
1283.552, 22.0323
1283.5558, 22.0785
1283.5598, 22.1247
1283.5636, 22.1709
1283.5676, 22.2171
1285.2617, 22.2633
1285.2656, 22.3094
1285.2695, 22.3557
1285.2734, 22.4018
1286.9674, 22.448
1286.9713, 22.4942
1286.9752, 22.5404
1286.979, 22.5866
1288.6732, 22.6328
1288.6771, 22.679
1288.681, 22.7252
1288.6848, 22.7713
1288.6888, 22.8176
1288.6926, 22.8637
1290.3868, 22.9099
1290.3907, 22.9561
1292.0847, 23.0023
1292.0886, 23.0485
1292.0925, 23.0947
1292.0964, 23.1409
1292.1003, 23.1871
1292.1042, 23.2333
1293.7983, 23.2793
1293.8022, 23.3256
1293.8061, 23.3718
1293.81, 23.418
1295.504, 23.4642
1295.5079, 23.5104
1295.5118, 23.5566
1297.2059, 23.6028
1297.2098, 23.649
1297.2137, 23.6952
1297.2176, 23.7412
1297.2215, 23.7875
1298.9155, 23.8336
1298.9194, 23.8799
1298.9233, 23.9261
1300.6174, 23.9723
1300.6213, 24.0185
1300.6252, 24.0647
1300.6291, 24.1109
1302.3231, 24.157
1302.327, 24.2032
1302.3309, 24.2494
1302.3348, 24.2955
1304.0289, 24.3418
1304.0328, 24.388
1305.7268, 24.4342
1305.7307, 24.4804
1307.4248, 24.5266
1309.1188, 24.5727
1310.8129, 24.6189
1312.503, 24.6189
1314.1931, 24.6189
1315.8833, 24.6189
1315.8872, 24.6651
1315.8833, 24.6189
1317.5695, 24.5727
1319.2597, 24.5727
1319.2558, 24.5266
1320.9459, 24.5266
1319.2519, 24.4804
1320.942, 24.4804
1320.9381, 24.4342
1320.9342, 24.388
1320.9303, 24.3418
1322.6165, 24.2955
1322.6126, 24.2494
1322.6087, 24.2032
1322.6048, 24.157
1324.2911, 24.1109
1324.2872, 24.0647
1324.2833, 24.0185
1324.2793, 23.9723
1325.9656, 23.9261
1325.9617, 23.8799
1325.9578, 23.8336
1325.9539, 23.7875
1325.95, 23.7412
1327.6362, 23.6952
1327.6322, 23.649
1327.6284, 23.6028
1327.6245, 23.5566
1329.3107, 23.5104
1329.3068, 23.4642
1329.3029, 23.418
1329.299, 23.3718
1329.2951, 23.3256
1330.9814, 23.2793
1330.9775, 23.2333
1330.9736, 23.1871
1330.9697, 23.1409
1330.9657, 23.0947
1330.9618, 23.0485
1332.6481, 23.0023
1332.6442, 22.9561
1332.6402, 22.9099
1332.6364, 22.8637
1332.6324, 22.8176
1332.6286, 22.7713
1334.3148, 22.7252
1334.3109, 22.679
1334.307, 22.6328
1334.3031, 22.5866
1334.2992, 22.5404
1335.9854, 22.4942
1335.9815, 22.448
1335.9776, 22.4018
1335.9737, 22.3557
1335.9698, 22.3094
1335.9659, 22.2633
1335.962, 22.2171
1337.6482, 22.1709
1337.6442, 22.1247
1337.6404, 22.0785
1337.6364, 22.0323
1337.6326, 21.9861
1339.3189, 21.94
1339.315, 21.8938
1339.3111, 21.8476
1339.3072, 21.8014
1339.3033, 21.7551
1339.2993, 21.709
1339.2953, 21.6627
1340.9817, 21.6166
1340.9778, 21.5704
1340.9739, 21.5242
1340.97, 21.4781
1340.9661, 21.4319
1340.9622, 21.3857
1342.6484, 21.3395
1342.6444, 21.2933
1342.6406, 21.2471
1342.6367, 21.2009
1342.6328, 21.1547
1342.6289, 21.1085
1344.3151, 21.0624
1344.3112, 21.0162
1344.3073, 20.97
1344.3034, 20.9238
1344.2995, 20.8776
1345.9858, 20.8314
1345.9818, 20.7852
1345.9779, 20.7389
1345.974, 20.6928
1345.9701, 20.6467
1347.6564, 20.6005
1347.6524, 20.5543
1347.6486, 20.5081
1347.6447, 20.4619
1347.6408, 20.4157
1347.6369, 20.3695
1349.3231, 20.3233
1349.3192, 20.2771
1349.3153, 20.2309
1349.3114, 20.1848
1349.3075, 20.1386
1349.3035, 20.0924
1350.9898, 20.0462
1350.9859, 20.0
1350.982, 19.9538
1352.6682, 19.9076
1352.6643, 19.8614
1352.6604, 19.8152
1352.6564, 19.7691
1352.6526, 19.7229
1354.3389, 19.6766
1354.335, 19.6305
1354.3311, 19.5843
1356.0173, 19.5381
1356.0134, 19.4919
1356.0095, 19.4457
1356.0056, 19.3995
1357.6918, 19.3533
1357.6879, 19.3072
1357.684, 19.261
1357.6801, 19.2147
1359.3664, 19.1686
1359.3625, 19.1224
1359.3586, 19.0762
1361.0448, 19.03
1361.0409, 18.9838
1361.037, 18.9376
1361.0331, 18.8915
1362.7193, 18.8453
1362.7154, 18.7991
1362.7115, 18.7529
1362.7076, 18.7067
1364.3938, 18.6604
1364.3899, 18.6143
1364.386, 18.5681
1364.382, 18.5219
1366.0684, 18.4758
1366.0645, 18.4296
1366.0606, 18.3834
1367.7468, 18.3372
1367.7429, 18.291
1367.7389, 18.2448
1369.4252, 18.1985
1369.4213, 18.1524
1369.4174, 18.1062
1369.4135, 18.06
1369.4096, 18.0139
1371.0959, 17.9677
1371.092, 17.9215
1371.0881, 17.8753
1372.7743, 17.8291
1372.7704, 17.7829
1372.7665, 17.7367
1374.4527, 17.6905
1374.4487, 17.6442
1374.4449, 17.5981
1374.441, 17.552
1376.1272, 17.5058
1376.1233, 17.4596
1377.8096, 17.4134
1379.4958, 17.3672
1381.1821, 17.321
1382.8683, 17.2748
1384.5545, 17.2286
1384.5584, 17.2748
1386.2525, 17.321
1386.2564, 17.3672
1387.9504, 17.4134
1387.9543, 17.4596
1389.6484, 17.5058
1389.6522, 17.552
1391.3463, 17.5981
1391.3502, 17.6442
1391.3541, 17.6905
1393.0482, 17.7367
1393.0521, 17.7829
1394.7461, 17.8291
1394.75, 17.8753
1394.7539, 17.9215
1396.448, 17.9677
1398.142, 18.0139
1398.1459, 18.06
1399.8399, 18.1062
1399.8439, 18.1524
1399.8477, 18.1985
1401.5417, 18.2448
1401.5457, 18.291
1403.2398, 18.3372
1403.2437, 18.3834
1403.2476, 18.4296
1404.9416, 18.4758
1404.9455, 18.5219
1404.9494, 18.5681
1404.9533, 18.6143
1404.9572, 18.6604
1404.9611, 18.7067
1404.9649, 18.7529
1406.6591, 18.7991
1406.663, 18.8453
1406.6669, 18.8915
1408.3609, 18.9376
1408.3648, 18.9838
1408.3687, 19.03
1408.3726, 19.0762
1408.3765, 19.1224
1408.3804, 19.1686
1410.0745, 19.2147
1410.0784, 19.261
1410.0823, 19.3072
1410.0862, 19.3533
1410.0901, 19.3995
1411.7841, 19.4457
1411.788, 19.4919
1411.792, 19.5381
1411.7959, 19.5843
1413.4899, 19.6305
1413.4938, 19.6766
1413.4977, 19.7229
1413.5016, 19.7691
1413.5055, 19.8152
1413.5093, 19.8614
1415.2035, 19.9076
1415.2074, 19.9538
1415.2113, 20.0
1415.2152, 20.0462
1416.9092, 20.0924
1416.9131, 20.1386
1416.917, 20.1848
1416.9209, 20.2309
1416.9247, 20.2771
1418.6189, 20.3233
1418.6228, 20.3695
1418.6267, 20.4157
1418.6306, 20.4619
1418.6345, 20.5081
1418.6383, 20.5543
1418.6423, 20.6005
1420.3363, 20.6467
1420.3402, 20.6928
1420.3441, 20.7389
1420.3479, 20.7852
1422.0421, 20.8314
1422.046, 20.8776
1422.0499, 20.9238
1422.0538, 20.97
1422.0577, 21.0162
1422.0616, 21.0624
1423.7557, 21.1085
1423.7596, 21.1547
1423.7635, 21.2009
1423.7673, 21.2471
1423.7713, 21.2933
1423.7752, 21.3395
1425.4692, 21.3857
1425.4731, 21.4319
1425.4769, 21.4781
1425.4809, 21.5242
1425.4848, 21.5704
1427.1789, 21.6166
1427.1828, 21.6627
1427.1867, 21.709
1427.1905, 21.7551
1427.1945, 21.8014
1427.1984, 21.8476
1427.2023, 21.8938
1428.8963, 21.94
1428.9002, 21.9861
1428.9041, 22.0323
1430.5981, 22.0785
1430.6021, 22.1247
1430.6059, 22.1709
1430.6099, 22.2171
1430.6138, 22.2633
1430.6177, 22.3094
1432.3117, 22.3557
1432.3155, 22.4018
1432.3195, 22.448
1432.3235, 22.4942
1432.3274, 22.5404
1434.0214, 22.5866
1434.0253, 22.6328
1434.0292, 22.679
1434.0331, 22.7252
1435.7271, 22.7713
1435.7311, 22.8176
1435.7349, 22.8637
1435.7389, 22.9099
1435.7428, 22.9561
1437.4368, 23.0023
1437.4407, 23.0485
1437.4445, 23.0947
1439.1387, 23.1409
1439.1426, 23.1871
1439.1465, 23.2333
1439.1504, 23.2793
1440.8444, 23.3256
1440.8483, 23.3718
1440.8521, 23.418
1440.8561, 23.4642
1442.5502, 23.5104
1442.5541, 23.5566
1444.2481, 23.6028
1444.252, 23.649
1444.2559, 23.6952
1444.2598, 23.7412
1444.2637, 23.7875
1445.9578, 23.8336
1447.6518, 23.8799
1449.3458, 23.9261
1449.3498, 23.9723
1449.3537, 24.0185
1451.0477, 24.0647
1452.7379, 24.0647
1454.428, 24.0647
1456.1181, 24.0647
1457.8083, 24.0647
1457.8044, 24.0185
1459.4945, 24.0185
1459.4906, 23.9723
1461.1808, 23.9723
1461.1769, 23.9261
1462.867, 23.9261
1462.8631, 23.8799
1464.5493, 23.8336
1464.5453, 23.7875
1464.5415, 23.7412
1466.2278, 23.6952
1466.2239, 23.649
1466.22, 23.6028
1466.216, 23.5566
1467.9022, 23.5104
1467.8984, 23.4642
1469.5846, 23.418
1469.5807, 23.3718
1469.5768, 23.3256
1471.2631, 23.2793
1471.2591, 23.2333
1471.2551, 23.1871
1471.2513, 23.1409
1472.9376, 23.0947
1472.9337, 23.0485
1472.9298, 23.0023
1474.616, 22.9561
1474.612, 22.9099
1474.6082, 22.8637
1476.2944, 22.8176
1476.2905, 22.7713
1476.2866, 22.7252
1476.2827, 22.679
1477.9689, 22.6328
1477.9651, 22.5866
1477.9612, 22.5404
1477.9573, 22.4942
1479.6435, 22.448
1479.6396, 22.4018
1479.6357, 22.3557
1481.3219, 22.3094
1481.318, 22.2633
1481.3141, 22.2171
1481.3102, 22.1709
1482.9965, 22.1247
1482.9926, 22.0785
1482.9886, 22.0323
1484.6749, 21.9861
1484.671, 21.94
1484.6671, 21.8938
1486.3533, 21.8476
1486.3494, 21.8014
1486.3455, 21.7551
1486.3416, 21.709
1486.3377, 21.6627
1488.0239, 21.6166
1488.02, 21.5704
1488.0161, 21.5242
1489.7024, 21.4781
1489.6985, 21.4319
1489.6945, 21.3857
1491.3808, 21.3395
1491.3769, 21.2933
1491.373, 21.2471
1491.3691, 21.2009
1493.0553, 21.1547
1493.0514, 21.1085
1493.0475, 21.0624
1494.7338, 21.0162
1494.7299, 20.97
1494.726, 20.9238
1496.4122, 20.8776
1496.4083, 20.8314
1496.4043, 20.7852
1498.0906, 20.7389
1498.0867, 20.6928
1499.773, 20.6467
1499.7691, 20.6005
1499.7651, 20.5543
1501.4514, 20.5081
1501.4475, 20.4619
1503.1337, 20.4157
1503.1298, 20.3695
1504.8161, 20.3233
1504.8122, 20.2771
1506.4984, 20.2309
1506.4945, 20.1848
1508.1807, 20.1386
1508.1768, 20.0924
1509.8631, 20.0462
1511.5493, 20.0
1511.5453, 19.9538
1513.2316, 19.9076
1514.9179, 19.8614
1516.604, 19.8152
1518.2903, 19.7691
1519.9805, 19.7691
1521.6667, 19.7229
1523.3569, 19.7229
1525.047, 19.7229
1526.737, 19.7229
1528.4273, 19.7229
1530.1174, 19.7229
1531.8075, 19.7229
1533.5016, 19.7691
1535.1957, 19.8152
1536.8897, 19.8614
1538.5836, 19.9076
1540.2778, 19.9538
1541.9718, 20.0
1541.9757, 20.0462
1541.9796, 20.0924
1543.6737, 20.1386
1543.6776, 20.1848
1543.6815, 20.2309
1545.3755, 20.2771
1547.0695, 20.3233
1547.0735, 20.3695
1547.0774, 20.4157
1548.7713, 20.4619
1548.7753, 20.5081
1550.4694, 20.5543
1550.4733, 20.6005
1552.1673, 20.6467
1552.1712, 20.6928
1553.8653, 20.7389
1553.8692, 20.7852
1555.5632, 20.8314
1555.5671, 20.8776
1557.2612, 20.9238
1557.2651, 20.97
1557.269, 21.0162
1558.963, 21.0624
1560.6571, 21.1085
1560.661, 21.1547
1560.6649, 21.2009
1560.6688, 21.2471
1562.3628, 21.2933
1564.0569, 21.3395
1565.7509, 21.3857
1565.7548, 21.4319
1565.7587, 21.4781
1567.4527, 21.5242
1569.1468, 21.5704
1569.1507, 21.6166
1570.8447, 21.6627
1570.8486, 21.709
1570.8526, 21.7551
1572.5466, 21.8014
1574.2406, 21.8476
1574.2445, 21.8938
1575.9386, 21.94
1575.9425, 21.9861
1577.6364, 22.0323
1577.6404, 22.0785
1577.6442, 22.1247
1579.3345, 22.1247
1581.0285, 22.1709
1581.0324, 22.2171
1582.7265, 22.2633
1584.4205, 22.3094
1586.1146, 22.3557
1587.8047, 22.3557
1587.8086, 22.4018
1589.4987, 22.4018
1591.1928, 22.448
