#DataThief /Users/jrpowers-luhn/Desktop/DH-3-BAL-CAL-Balanced-Calibrated_Source_Spectral_Output.png Friday 23-Feb-2018 4:20:07 PM
228.2214, 16.8529
229.9108, 16.8067
229.9076, 16.7604
229.9045, 16.7141
229.9013, 16.6678
229.8982, 16.6215
229.8951, 16.5752
229.8919, 16.5289
229.8888, 16.4826
229.8857, 16.4363
229.8824, 16.39
229.8794, 16.3437
231.5688, 16.2974
231.5657, 16.2511
231.5625, 16.2049
231.5594, 16.1586
231.5563, 16.1123
231.5531, 16.066
231.55, 16.0197
231.5469, 15.9734
231.5436, 15.9271
231.5406, 15.8808
231.5375, 15.8346
233.2269, 15.7883
233.2237, 15.742
233.2206, 15.6957
233.2175, 15.6494
233.2143, 15.6031
233.2112, 15.5568
233.208, 15.5105
233.2049, 15.4642
233.2018, 15.4179
233.1985, 15.3717
233.1955, 15.3254
233.1924, 15.2791
233.1892, 15.2328
233.1861, 15.1865
234.8755, 15.1402
234.8723, 15.0939
234.8692, 15.0476
234.866, 15.0013
234.863, 14.955
234.8598, 14.9088
234.8567, 14.8625
234.8536, 14.8162
234.8504, 14.7699
234.8473, 14.7236
234.8441, 14.6773
236.5335, 14.631
236.5304, 14.5847
236.5272, 14.5384
236.5242, 14.4921
236.521, 14.4459
236.5179, 14.3996
236.5147, 14.3533
236.5116, 14.307
236.5085, 14.2607
238.1979, 14.2144
238.1947, 14.1681
238.1916, 14.1218
239.881, 14.0756
239.8779, 14.0293
239.8747, 13.983
239.8716, 13.9367
239.8685, 13.8904
239.8653, 13.8441
239.8622, 13.7978
241.5516, 13.7516
241.5485, 13.7053
241.5453, 13.659
241.5422, 13.6127
241.5391, 13.5664
241.5359, 13.5201
241.5328, 13.4738
241.5295, 13.4275
241.5265, 13.3812
241.5234, 13.3349
243.2128, 13.2887
243.2096, 13.2424
243.2065, 13.1961
243.2034, 13.1498
243.2002, 13.1035
243.1971, 13.0572
243.194, 13.0109
243.1908, 12.9646
243.1877, 12.9183
243.1846, 12.8719
243.1814, 12.8256
244.8708, 12.7795
244.8677, 12.7332
244.8646, 12.6869
244.8614, 12.6406
244.8582, 12.5943
244.8552, 12.548
244.8519, 12.5017
244.8489, 12.4554
244.8458, 12.4091
244.8426, 12.3628
246.532, 12.3166
246.5289, 12.2703
246.5257, 12.224
246.5226, 12.1777
246.5194, 12.1314
246.5163, 12.0851
246.5131, 12.0388
246.5101, 11.9925
246.5069, 11.9462
246.5038, 11.8999
246.5007, 11.8536
248.1901, 11.8074
248.1869, 11.761
248.1838, 11.7147
248.1807, 11.6684
248.1775, 11.6221
248.1743, 11.5758
248.1713, 11.5295
248.1681, 11.4833
248.165, 11.437
248.1619, 11.3907
248.1587, 11.3445
249.8481, 11.2982
249.845, 11.2519
249.8418, 11.2056
249.8387, 11.1593
249.8356, 11.113
249.8324, 11.0667
249.8293, 11.0204
249.8262, 10.9741
249.823, 10.9278
249.8199, 10.8816
251.5093, 10.8353
251.5062, 10.789
251.503, 10.7427
251.4999, 10.6964
251.4968, 10.6501
251.4936, 10.6038
251.4905, 10.5575
251.4874, 10.5112
251.4842, 10.4649
251.4811, 10.4187
251.478, 10.3724
253.1674, 10.3261
253.1642, 10.2798
253.1611, 10.2335
253.158, 10.1872
253.1548, 10.1409
253.1517, 10.0946
253.1485, 10.0483
253.1454, 10.0021
254.8348, 9.9558
254.8317, 9.9095
254.8285, 9.8632
254.8254, 9.8169
254.8223, 9.7706
254.8191, 9.7243
256.5085, 9.6781
256.5053, 9.6318
258.1979, 9.6319
258.1948, 9.5856
259.8841, 9.5393
261.5767, 9.5394
261.5735, 9.4931
263.2661, 9.4932
264.9586, 9.4932
266.648, 9.447
266.6449, 9.4007
266.6418, 9.3544
266.6385, 9.3081
268.328, 9.2619
268.3249, 9.2156
268.3218, 9.1693
268.3186, 9.123
268.3155, 9.0767
268.3124, 9.0304
268.3092, 8.9841
268.3061, 8.9378
269.9955, 8.8916
269.9923, 8.8453
269.9891, 8.799
269.9861, 8.7527
269.9828, 8.7064
269.9798, 8.6601
271.6692, 8.6139
271.6661, 8.5676
271.6629, 8.5213
271.6598, 8.475
271.6566, 8.4287
271.6535, 8.3824
271.6503, 8.3361
273.3397, 8.2899
273.3367, 8.2436
273.3335, 8.1973
273.3304, 8.151
273.3273, 8.1047
273.3241, 8.0584
273.321, 8.0121
275.0104, 7.9659
275.0072, 7.9196
275.0041, 7.8733
275.001, 7.827
274.9978, 7.7807
274.9947, 7.7344
274.9916, 7.6881
274.9884, 7.6418
274.9853, 7.5955
274.9822, 7.5492
274.979, 7.5029
274.9759, 7.4566
274.9727, 7.4102
274.9696, 7.3639
274.9665, 7.3176
276.6559, 7.2715
276.6528, 7.2252
278.3422, 7.1789
278.339, 7.1327
276.6434, 7.0863
276.6402, 7.04
278.3359, 7.0864
278.339, 7.1327
280.0316, 7.1327
280.0347, 7.179
281.7303, 7.2254
281.7335, 7.2717
283.4291, 7.318
285.1217, 7.3181
286.8142, 7.3182
288.5067, 7.3182
290.1993, 7.3183
290.1961, 7.272
291.8855, 7.2258
291.8824, 7.1795
291.8793, 7.1332
293.5687, 7.0869
293.5655, 7.0406
293.5624, 6.9944
293.5592, 6.9481
295.2486, 6.9018
295.2455, 6.8555
295.2424, 6.8092
295.2392, 6.7629
295.2361, 6.7166
295.233, 6.6703
295.2298, 6.624
295.2267, 6.5777
296.9161, 6.5314
296.913, 6.4852
296.9098, 6.4389
296.9066, 6.3926
296.9036, 6.3463
296.9003, 6.3
298.5897, 6.2538
298.5867, 6.2075
298.5836, 6.1612
298.5804, 6.1149
298.5773, 6.0686
298.5741, 6.0223
298.571, 5.976
300.2604, 5.9298
300.2572, 5.8835
300.2541, 5.8372
300.251, 5.7909
300.2479, 5.7446
300.2447, 5.6983
300.2416, 5.652
301.931, 5.6058
301.9279, 5.5594
301.9247, 5.5131
303.6141, 5.467
303.611, 5.4207
305.3004, 5.3744
305.2973, 5.3281
305.2941, 5.2818
305.291, 5.2355
306.9804, 5.1893
306.9771, 5.143
306.9741, 5.0967
308.6635, 5.0505
308.6604, 5.0042
310.3498, 4.958
310.3466, 4.9117
310.3435, 4.8654
312.0329, 4.8191
313.7223, 4.7729
315.4117, 4.7267
315.4085, 4.6804
317.0979, 4.6341
317.0948, 4.5878
317.0917, 4.5415
318.7811, 4.4953
318.7779, 4.449
318.7748, 4.4027
318.7717, 4.3564
320.4611, 4.3102
322.1505, 4.264
323.843, 4.264
325.5324, 4.2178
325.5292, 4.1715
327.2186, 4.1253
328.908, 4.079
330.5974, 4.0328
330.5943, 3.9865
332.2837, 3.9403
332.2806, 3.894
332.2774, 3.8477
332.2743, 3.8014
333.9637, 3.7551
333.9605, 3.7088
335.6499, 3.6625
337.3393, 3.6164
337.3362, 3.5701
339.0287, 3.5702
340.7181, 3.5239
340.7149, 3.4777
342.4043, 3.4314
344.0937, 3.3852
345.7832, 3.339
345.78, 3.2927
347.4694, 3.2464
349.162, 3.2465
349.1588, 3.2002
350.8481, 3.154
350.8451, 3.1077
352.5375, 3.1077
354.227, 3.0615
354.2239, 3.0152
355.9133, 2.9689
357.6027, 2.9226
359.2952, 2.9228
360.9877, 2.9229
362.6803, 2.9229
364.3728, 2.923
366.0622, 2.8768
367.7547, 2.8768
367.7516, 2.8305
369.441, 2.7843
371.1304, 2.7381
372.8197, 2.6919
374.5123, 2.6919
376.2017, 2.6457
377.8942, 2.6458
379.5867, 2.6458
381.2793, 2.6459
382.9687, 2.5997
384.6581, 2.5534
384.6549, 2.507
386.3443, 2.4609
388.0368, 2.461
389.7262, 2.4147
391.4188, 2.4148
393.1082, 2.3686
394.7976, 2.3223
394.7944, 2.276
394.7913, 2.2297
396.4807, 2.1835
396.4776, 2.1372
398.1669, 2.091
398.1638, 2.0447
399.8532, 1.9985
399.85, 1.9522
401.5426, 1.9522
403.232, 1.906
403.2288, 1.8597
404.9183, 1.8135
406.6108, 1.8135
408.3002, 1.7673
409.9896, 1.721
411.6821, 1.721
413.3746, 1.7212
415.0672, 1.7213
416.7597, 1.7213
418.4522, 1.7214
420.1416, 1.6752
421.834, 1.6752
423.5234, 1.629
423.5204, 1.5827
425.2098, 1.5365
425.2067, 1.4902
426.8961, 1.4439
426.8929, 1.3976
426.8898, 1.3513
428.5823, 1.3514
428.5792, 1.3051
428.576, 1.2588
430.2655, 1.2126
430.2623, 1.1663
431.9517, 1.1201
431.9485, 1.0738
431.9454, 1.0275
433.6348, 0.9811
433.6317, 0.9348
433.6286, 0.8885
435.318, 0.8424
435.3148, 0.7961
437.0042, 0.7499
437.0011, 0.7036
438.6905, 0.6574
438.6873, 0.6111
440.3767, 0.5648
442.0693, 0.5649
442.0661, 0.5186
443.7587, 0.5187
445.4481, 0.4724
447.1406, 0.4725
448.8363, 0.5189
450.5288, 0.5189
452.2244, 0.5653
453.917, 0.5654
455.6095, 0.5654
455.6126, 0.6117
457.3052, 0.6118
459.0008, 0.6581
460.6934, 0.6582
462.3859, 0.6583
464.0816, 0.7046
465.7741, 0.7046
467.4697, 0.7511
469.1623, 0.7511
470.8548, 0.7511
472.5473, 0.7513
474.2429, 0.7976
475.9355, 0.7976
477.628, 0.7976
479.3206, 0.7978
481.0131, 0.7979
482.7056, 0.7979
484.3982, 0.798
486.0907, 0.7981
487.7832, 0.7981
489.4758, 0.7982
491.1683, 0.7983
492.8577, 0.752
494.5471, 0.7058
496.2365, 0.6596
497.9259, 0.6133
499.6153, 0.5671
501.3047, 0.5209
502.9971, 0.5209
504.6865, 0.4747
506.3791, 0.4748
508.0716, 0.4748
509.7642, 0.4748
511.4567, 0.475
513.1492, 0.475
514.8418, 0.4751
516.5312, 0.4289
518.2237, 0.4289
519.9162, 0.429
521.6056, 0.3828
523.2981, 0.3828
524.9907, 0.3829
526.6832, 0.383
528.3757, 0.383
530.0682, 0.3831
531.7608, 0.3832
533.4533, 0.3832
535.1458, 0.3833
536.8384, 0.3834
538.5309, 0.3834
540.2234, 0.3835
541.9127, 0.3373
543.6053, 0.3373
545.2979, 0.3374
546.9904, 0.3375
548.6829, 0.3375
550.3755, 0.3376
552.068, 0.3377
553.7605, 0.3377
555.4531, 0.3378
557.1456, 0.3378
558.838, 0.3378
560.5306, 0.338
562.2232, 0.338
563.9157, 0.3381
565.6082, 0.3382
567.3008, 0.3382
568.9933, 0.3383
570.6858, 0.3384
572.3815, 0.3847
574.074, 0.3848
575.7665, 0.3849
577.4591, 0.3849
579.1516, 0.385
580.8441, 0.3851
582.5367, 0.3851
584.2292, 0.3852
585.9217, 0.3853
587.6174, 0.4316
589.3099, 0.4317
591.0024, 0.4318
592.6949, 0.4318
594.3875, 0.4319
596.08, 0.4319
597.7757, 0.4783
599.4682, 0.4784
601.1607, 0.4784
602.8533, 0.4785
604.5457, 0.4786
606.2383, 0.4786
607.9308, 0.4787
609.6265, 0.5251
611.319, 0.5251
613.0116, 0.5252
614.7041, 0.5253
616.3966, 0.5253
618.0892, 0.5253
619.7848, 0.5718
621.4774, 0.5718
623.1699, 0.5718
624.8624, 0.5718
626.5549, 0.572
628.2475, 0.5721
629.9431, 0.6183
631.6357, 0.6185
633.3282, 0.6186
635.0207, 0.6186
636.7133, 0.6187
638.4058, 0.6188
640.0983, 0.6188
641.7908, 0.6189
643.4865, 0.6653
645.179, 0.6653
646.8716, 0.6654
648.5641, 0.6655
650.2598, 0.7118
651.9523, 0.7119
653.6448, 0.7119
655.3373, 0.712
657.033, 0.7584
658.7255, 0.7584
660.4181, 0.7585
662.1106, 0.7586
663.8031, 0.7586
665.4957, 0.7587
667.1913, 0.8051
668.8838, 0.8051
670.5764, 0.8052
672.2689, 0.8053
673.9614, 0.8053
675.654, 0.8054
677.3496, 0.8517
679.0422, 0.8518
680.7347, 0.8519
682.4272, 0.8519
684.1197, 0.8519
685.8123, 0.8521
687.5079, 0.8984
689.2005, 0.8984
690.893, 0.8986
692.5855, 0.8986
694.2781, 0.8987
695.9706, 0.8988
697.6662, 0.9451
699.3588, 0.9452
701.0513, 0.9453
702.7438, 0.9453
704.4364, 0.9454
706.132, 0.9917
707.8246, 0.9918
709.5171, 0.9919
711.2096, 0.9919
712.9021, 0.992
714.5947, 0.9921
716.2903, 1.0384
717.9828, 1.0385
719.6754, 1.0386
721.3679, 1.0386
723.0604, 1.0387
724.7561, 1.0851
726.4485, 1.0851
728.1412, 1.0852
729.8336, 1.0853
731.5262, 1.0853
733.2187, 1.0854
734.9144, 1.1317
736.6069, 1.1318
738.2995, 1.1319
739.992, 1.1319
741.6844, 1.132
743.3801, 1.1784
745.0727, 1.1784
746.7652, 1.1785
748.4578, 1.1786
750.1503, 1.1786
751.8428, 1.1787
753.5385, 1.2251
755.231, 1.2251
756.9236, 1.2252
758.616, 1.2253
760.3086, 1.2253
762.0012, 1.2254
763.6968, 1.2717
765.3893, 1.2718
767.0819, 1.2719
768.7744, 1.2719
770.4668, 1.272
772.1595, 1.2721
773.8551, 1.3184
775.5476, 1.3185
777.2402, 1.3186
778.9327, 1.3186
780.6252, 1.3187
782.3209, 1.3651
784.0134, 1.3651
785.706, 1.3652
787.3985, 1.3653
789.0942, 1.4116
790.7867, 1.4117
792.4792, 1.4117
794.1717, 1.4118
795.8643, 1.4119
797.5598, 1.4582
799.2525, 1.4583
800.9449, 1.4584
802.6375, 1.4584
804.3332, 1.5048
806.0257, 1.5049
807.7182, 1.5049
809.4108, 1.505
811.1033, 1.5051
812.799, 1.5514
814.4915, 1.5514
816.184, 1.5516
817.8766, 1.5516
819.5691, 1.5516
821.2647, 1.5979
822.9573, 1.5981
824.6498, 1.5981
826.3423, 1.5981
828.038, 1.6446
829.7305, 1.6447
831.4231, 1.6447
833.1156, 1.6448
834.8112, 1.6912
836.5038, 1.6912
838.1963, 1.6913
839.8888, 1.6914
841.5845, 1.7377
843.277, 1.7378
844.9727, 1.7841
846.6652, 1.7842
848.3609, 1.8306
850.0534, 1.8306
851.749, 1.877
853.4416, 1.8771
855.1373, 1.9234
856.8329, 1.9698
858.5255, 1.9699
860.2211, 2.0162
861.9167, 2.0626
863.6125, 2.1089
865.3081, 2.1553
867.0038, 2.2017
868.6994, 2.248
870.3951, 2.2944
872.0908, 2.3407
873.7864, 2.3871
875.4821, 2.4335
875.4852, 2.4798
877.1809, 2.5261
878.8766, 2.5725
878.8797, 2.6188
880.5754, 2.6651
880.5785, 2.7114
882.2742, 2.7578
882.2772, 2.8041
883.9698, 2.8042
883.9729, 2.8505
885.6686, 2.8968
885.6717, 2.9431
887.3674, 2.9895
887.3705, 3.0358
889.0662, 3.0821
890.7619, 3.1285
890.765, 3.1748
892.4607, 3.2212
892.4638, 3.2675
894.1595, 3.3138
894.1626, 3.3601
895.8582, 3.4064
894.1689, 3.4527
894.172, 3.499
894.1751, 3.5453
895.8708, 3.5917
895.8739, 3.638
895.8771, 3.6843
897.5727, 3.7306
897.5758, 3.7769
897.579, 3.8232
897.5821, 3.8695
899.2778, 3.9159
899.2809, 3.9622
900.9766, 4.0085
900.9797, 4.0548
900.9828, 4.1011
900.986, 4.1474
900.9891, 4.1937
902.6848, 4.2401
902.6879, 4.2864
902.6911, 4.3327
902.6942, 4.379
902.6973, 4.4253
902.7005, 4.4716
904.3961, 4.5179
904.3993, 4.5642
904.4024, 4.6105
904.4055, 4.6568
906.1012, 4.7032
906.1043, 4.7495
906.1075, 4.7957
906.1106, 4.842
906.1137, 4.8883
906.1169, 4.9346
906.12, 4.9809
906.1231, 5.0272
907.8188, 5.0735
907.8218, 5.1199
907.8251, 5.1662
907.8282, 5.2125
907.8313, 5.2588
909.527, 5.3052
909.5301, 5.3514
909.5333, 5.3977
909.5364, 5.444
909.5394, 5.4903
909.5427, 5.5366
909.5457, 5.5829
909.5489, 5.6292
909.5521, 5.6755
909.5552, 5.7218
911.2509, 5.7682
911.254, 5.8145
911.257, 5.8608
911.2603, 5.9071
911.2634, 5.9534
911.2665, 5.9997
911.2697, 6.046
911.2728, 6.0923
911.276, 6.1386
912.9716, 6.1849
912.9748, 6.2312
912.9779, 6.2775
912.9809, 6.3237
912.9842, 6.37
912.9872, 6.4163
912.9904, 6.4627
912.9936, 6.509
912.9967, 6.5553
912.9998, 6.6016
913.003, 6.6479
913.0061, 6.6942
914.7018, 6.7405
914.7048, 6.7868
914.708, 6.8331
914.7112, 6.8794
914.7143, 6.9257
914.7174, 6.972
914.7206, 7.0183
914.7237, 7.0646
914.7268, 7.1109
914.73, 7.1572
914.733, 7.2035
914.7362, 7.2498
916.4319, 7.2962
916.435, 7.3425
916.4382, 7.3888
916.4413, 7.435
916.4444, 7.4813
916.4476, 7.5276
916.4506, 7.5739
916.4538, 7.6202
916.457, 7.6665
916.4601, 7.7128
916.4632, 7.7591
916.4664, 7.8054
918.162, 7.8518
918.1652, 7.8981
918.1683, 7.9444
918.1714, 7.9907
918.1746, 8.037
918.1777, 8.0833
918.1808, 8.1296
918.184, 8.1759
918.1871, 8.2222
918.1902, 8.2684
919.8859, 8.3148
919.889, 8.3611
919.8921, 8.4074
919.8953, 8.4537
919.8984, 8.5
919.9016, 8.5463
919.9047, 8.5926
919.9079, 8.6389
919.911, 8.6852
919.9141, 8.7315
919.9173, 8.7778
919.9203, 8.8241
919.9235, 8.8704
919.9266, 8.9167
919.9298, 8.963
919.9329, 9.0093
921.6286, 9.0556
921.6317, 9.1019
921.6349, 9.1482
921.638, 9.1945
921.6411, 9.2408
921.6442, 9.2871
921.6474, 9.3334
921.6505, 9.3797
921.6537, 9.426
921.6568, 9.4723
921.6599, 9.5186
921.6631, 9.5649
921.6662, 9.6112
923.3618, 9.6575
923.365, 9.7038
923.3681, 9.7501
923.3713, 9.7964
923.3744, 9.8427
923.3775, 9.889
923.3807, 9.9353
923.3838, 9.9816
923.3869, 10.0279
923.3901, 10.0742
923.3932, 10.1205
923.3963, 10.1668
923.3995, 10.2131
923.4026, 10.2594
923.4057, 10.3057
923.4089, 10.3519
923.412, 10.3982
923.4151, 10.4445
923.4183, 10.4909
925.1139, 10.5372
925.1171, 10.5835
925.1202, 10.6298
925.1233, 10.6761
925.1265, 10.7224
925.1296, 10.7687
925.1328, 10.815
925.1359, 10.8613
925.139, 10.9076
925.1421, 10.9539
925.1453, 11.0002
925.1484, 11.0465
925.1516, 11.0928
925.1547, 11.1391
925.1578, 11.1854
925.161, 11.2317
925.1641, 11.278
925.1672, 11.3243
926.8629, 11.3706
926.866, 11.4169
926.8692, 11.4632
926.8723, 11.5095
926.8754, 11.5558
926.8786, 11.6021
926.8817, 11.6484
926.8848, 11.6947
926.888, 11.741
926.8911, 11.7873
926.8942, 11.8336
926.8974, 11.8799
926.9005, 11.9262
926.9036, 11.9725
926.9068, 12.0188
926.9099, 12.0651
926.913, 12.1114
926.9162, 12.1577
928.6118, 12.204
928.615, 12.2503
928.6181, 12.2966
928.6212, 12.3429
928.6244, 12.3892
928.6275, 12.4355
928.6306, 12.4818
928.6338, 12.5281
928.6369, 12.5744
928.64, 12.6207
928.6432, 12.667
928.6463, 12.7133
928.6495, 12.7596
928.6526, 12.8058
928.6557, 12.8521
928.6589, 12.8984
928.662, 12.9447
928.6651, 12.991
928.6683, 13.0374
930.3639, 13.0836
930.3671, 13.13
930.3702, 13.1763
930.3733, 13.2226
930.3765, 13.2689
930.3796, 13.3152
930.3827, 13.3615
930.3859, 13.4078
930.389, 13.4541
930.3921, 13.5004
930.3953, 13.5467
930.3984, 13.593
930.4015, 13.6393
930.4047, 13.6856
932.1003, 13.7319
932.1035, 13.7782
932.1066, 13.8245
932.1097, 13.8708
932.1129, 13.9171
932.116, 13.9634
932.1191, 14.0097
932.1223, 14.056
932.1254, 14.1023
932.1285, 14.1486
932.1317, 14.1949
932.1348, 14.2412
932.1379, 14.2875
932.1411, 14.3338
932.1442, 14.3801
932.1473, 14.4264
932.1505, 14.4727
933.846, 14.5191
933.8493, 14.5653
933.8524, 14.6116
933.8555, 14.6579
933.8587, 14.7042
933.8618, 14.7505
933.8649, 14.7968
933.8681, 14.8431
933.8712, 14.8894
933.8744, 14.9357
933.8775, 14.982
933.8806, 15.0283
933.8838, 15.0746
933.8869, 15.1209
933.89, 15.1672
933.8932, 15.2135
933.8963, 15.2598
933.8994, 15.3061
935.5951, 15.3525
935.5981, 15.3987
935.6014, 15.445
935.6045, 15.4913
935.6076, 15.5375
935.6108, 15.5838
935.6139, 15.6301
935.617, 15.6764
935.6202, 15.7227
935.6233, 15.7691
935.6263, 15.8154
935.6296, 15.8617
935.6327, 15.908
935.6358, 15.9543
935.639, 16.0006
935.6421, 16.0469
935.6452, 16.0932
935.6484, 16.1395
935.6515, 16.1858
935.6545, 16.2321
935.6578, 16.2784
935.6609, 16.3247
935.664, 16.371
937.3597, 16.4173
937.3628, 16.4636
937.366, 16.5099
937.3691, 16.5562
937.3721, 16.6025
937.3754, 16.6488
937.3785, 16.6951
937.3816, 16.7414
937.3848, 16.7877
937.3879, 16.834
937.391, 16.8803
937.3942, 16.9266
937.3973, 16.9729
937.4005, 17.0192
937.4036, 17.0655
937.4067, 17.1118
937.4099, 17.1581
939.1055, 17.2044
939.1087, 17.2507
939.1118, 17.297
939.1149, 17.3433
939.1181, 17.3896
939.1212, 17.4359
939.1243, 17.4822
939.1275, 17.5285
939.1306, 17.5748
940.8263, 17.6212
940.8294, 17.6675
940.8325, 17.7138
940.8357, 17.7601
940.8388, 17.8064
940.8418, 17.8527
940.8451, 17.899
940.8481, 17.9452
940.8513, 17.9915
940.8545, 18.0378
940.8576, 18.0841
942.5533, 18.1305
942.5564, 18.1768
942.5594, 18.2231
942.5627, 18.2694
942.5657, 18.3157
942.5689, 18.362
942.5721, 18.4083
942.5752, 18.4546
942.5783, 18.5009
942.5815, 18.5472
944.2771, 18.5935
944.2803, 18.6398
944.2833, 18.6861
944.2865, 18.7324
944.2897, 18.7787
944.2928, 18.825
945.9885, 18.8714
945.9916, 18.9177
945.9947, 18.964
945.9979, 19.0103
946.001, 19.0566
946.0041, 19.1029
946.0073, 19.1492
947.7029, 19.1955
947.7061, 19.2418
947.7092, 19.2881
947.7123, 19.3344
947.7155, 19.3807
947.7186, 19.427
949.4143, 19.4734
949.4174, 19.5197
949.4205, 19.5659
949.4237, 19.6122
951.1193, 19.6585
951.1225, 19.7048
951.1256, 19.7511
951.1287, 19.7974
952.8244, 19.8439
952.8275, 19.8902
952.8307, 19.9365
954.5263, 19.9828
954.5295, 20.0291
954.5326, 20.0754
956.2251, 20.0755
956.2283, 20.1218
956.2314, 20.1681
956.2345, 20.2144
956.2377, 20.2607
957.9333, 20.307
957.9365, 20.3533
959.632, 20.3997
959.6353, 20.446
961.3309, 20.4923
963.0266, 20.5387
963.0297, 20.585
964.7254, 20.6314
966.4179, 20.6314
968.1105, 20.6315
969.803, 20.6316
971.4955, 20.6316
973.188, 20.6317
974.8806, 20.6317
976.5731, 20.6318
978.2625, 20.5856
979.955, 20.5856
981.6476, 20.5857
983.3401, 20.5857
985.0326, 20.5857
986.7283, 20.6322
988.4208, 20.6322
990.1165, 20.6785
991.8121, 20.725
991.8153, 20.7713
991.8184, 20.8176
993.5141, 20.8639
993.5171, 20.9102
993.5203, 20.9565
993.5234, 21.0028
995.2191, 21.0492
995.2223, 21.0955
995.2254, 21.1418
996.9211, 21.1882
996.9242, 21.2344
996.9273, 21.2807
998.623, 21.3271
998.6261, 21.3734
998.6293, 21.4197
1000.3249, 21.4661
1000.3281, 21.5124
1000.3312, 21.5587
1002.0269, 21.605
1002.03, 21.6513
1002.0331, 21.6976
1003.7288, 21.744
1003.7319, 21.7903
1003.7351, 21.8366
1005.4307, 21.8829
1005.4339, 21.9292
1005.437, 21.9755
1007.1327, 22.0219
1007.1358, 22.0682
1007.1389, 22.1145
1008.8346, 22.1608
1008.8377, 22.2071
1008.8409, 22.2534
1010.5365, 22.2998
1010.5396, 22.3461
1008.8502, 22.3923
1008.8534, 22.4386
1010.5491, 22.4849
1010.5522, 22.5312
1010.5553, 22.5776
1010.5585, 22.6239
1012.2541, 22.6702
1012.2572, 22.7165
1012.2604, 22.7628
1012.2635, 22.8091
1013.9592, 22.8555
1013.9623, 22.9018
1013.9655, 22.9481
1015.6611, 22.9944
1015.6643, 23.0407
1015.6674, 23.087
1015.6705, 23.1333
1017.3662, 23.1797
1019.0618, 23.226
1020.7574, 23.2724
1020.7606, 23.3187
1022.4563, 23.3651
1024.152, 23.4114
1024.1551, 23.4577
1024.1582, 23.504
1025.8538, 23.5504
1027.5464, 23.5504
1029.2389, 23.5505
1030.9315, 23.5506
1032.624, 23.5506
1034.3165, 23.5507
1036.0091, 23.5508
1037.7016, 23.5508
1039.391, 23.5046
1041.0835, 23.5047
1042.7761, 23.5047
1044.4686, 23.5048
1046.1611, 23.5049
1047.8536, 23.5049
1049.5493, 23.5513
1051.245, 23.5977
1052.9375, 23.5977
1052.9405, 23.644
1054.6332, 23.6441
1056.3288, 23.6904
1058.0245, 23.7368
1058.0276, 23.7831
1059.7233, 23.8295
1061.419, 23.8758
1061.4221, 23.9221
1063.1178, 23.9685
1063.1209, 24.0148
1064.8166, 24.0611
1066.5122, 24.1075
1068.2079, 24.1539
1068.211, 24.2002
1069.9066, 24.2465
1069.9098, 24.2928
1071.6023, 24.2929
1071.6055, 24.3392
1073.3011, 24.3855
1073.3043, 24.4318
1074.9999, 24.4782
1075.0031, 24.5245
1076.6987, 24.5709
1076.7019, 24.6172
1078.3944, 24.6172
1078.3975, 24.6635
1080.0932, 24.7099
1081.7889, 24.7562
1083.4814, 24.7563
1085.177, 24.8027
1086.8696, 24.8027
1088.5621, 24.8028
1090.2546, 24.8029
1091.9503, 24.8492
1093.6428, 24.8493
1095.3354, 24.8494
1097.031, 24.8957
1098.7236, 24.8958
1100.4161, 24.8958
1102.1086, 24.8959
1102.1117, 24.9422
1103.8043, 24.9423
1105.4968, 24.9423
1107.1925, 24.9887
1108.885, 24.9888
1110.5775, 24.9888
1110.5807, 25.0351
1112.2763, 25.0815
1113.972, 25.1279
1115.6676, 25.1742
1117.3633, 25.2206
1119.059, 25.2669
1120.7546, 25.3133
1122.4503, 25.3597
1124.1428, 25.3597
1124.146, 25.406
1125.8385, 25.4061
1127.531, 25.4062
1129.2236, 25.4062
1130.9192, 25.4526
1132.6117, 25.4526
1134.3043, 25.4527
1135.9937, 25.4064
1137.6862, 25.4064
1139.3756, 25.3603
1141.0681, 25.3604
1142.7574, 25.3141
1144.45, 25.3142
1146.1394, 25.268
1147.8319, 25.268
1149.5245, 25.2681
1151.2139, 25.2219
1152.9064, 25.2219
1154.5958, 25.1757
1156.2883, 25.1758
1157.9809, 25.1758
1159.6703, 25.1296
1161.3597, 25.0834
1163.0522, 25.0835
1164.7447, 25.0835
1166.4373, 25.0836
1168.1266, 25.0374
1169.8192, 25.0374
1171.5117, 25.0375
1173.2042, 25.0375
1174.8968, 25.0376
1176.5924, 25.084
1178.285, 25.084
1179.9775, 25.0841
1181.67, 25.0842
1181.6731, 25.1305
1183.3688, 25.1768
1185.0645, 25.2232
1186.7601, 25.2696
1188.4558, 25.3159
1190.1482, 25.316
1191.8439, 25.3623
1193.5396, 25.4087
1195.2322, 25.4088
1196.9247, 25.4088
1198.6172, 25.4089
1200.3098, 25.409
1202.0023, 25.409
1203.6947, 25.4091
1205.3841, 25.3629
1207.0735, 25.3166
1208.7662, 25.3167
1208.763, 25.2704
1208.7599, 25.2241
1210.4524, 25.2242
1210.4493, 25.1779
1210.4461, 25.1316
1210.443, 25.0853
1212.1324, 25.039
1212.1293, 24.9928
1213.8218, 24.9928
1213.8187, 24.9465
1213.8155, 24.9002
1213.8124, 24.8538
1213.8093, 24.8075
1215.4987, 24.7614
1215.4955, 24.7151
1215.4924, 24.6688
1215.4893, 24.6225
1217.1786, 24.5763
1217.1755, 24.53
1217.1724, 24.4837
1218.8618, 24.4375
1218.8586, 24.3912
1218.8555, 24.3449
1218.8524, 24.2986
1218.8492, 24.2523
1218.846, 24.206
1218.843, 24.1597
1220.5324, 24.1134
1220.5292, 24.0672
1220.5261, 24.0209
1220.523, 23.9746
1222.2124, 23.9283
1222.2092, 23.882
1222.2061, 23.8357
1222.203, 23.7894
1223.8923, 23.7431
1223.8892, 23.6968
1223.886, 23.6505
1223.8829, 23.6042
1225.5723, 23.5581
1225.5692, 23.5118
1225.5661, 23.4655
1225.5629, 23.4192
1227.2523, 23.373
1227.2492, 23.3267
1227.2461, 23.2804
1227.2429, 23.2341
1228.9323, 23.1878
1228.9292, 23.1415
1228.9261, 23.0953
1228.9229, 23.049
1228.9198, 23.0027
1230.6092, 22.9564
1230.6059, 22.9101
1230.6029, 22.8638
1230.5998, 22.8175
1230.5966, 22.7711
1232.286, 22.725
1232.2829, 22.6787
1232.2798, 22.6324
1232.2766, 22.5861
1233.966, 22.5399
1233.9628, 22.4936
1233.9598, 22.4473
1233.9566, 22.401
1233.9535, 22.3547
1235.6429, 22.3085
1235.6398, 22.2622
1235.6366, 22.2159
1235.6335, 22.1696
1237.3229, 22.1234
1237.3197, 22.0771
1237.3166, 22.0308
1237.3135, 21.9845
1239.0029, 21.9382
1238.9997, 21.8919
1238.9966, 21.8456
1238.9935, 21.7993
1240.6829, 21.753
1240.6797, 21.7067
1240.6766, 21.6604
1240.6735, 21.6141
1240.6703, 21.5678
1240.6672, 21.5215
1242.3566, 21.4754
1242.3535, 21.4291
1244.0428, 21.3829
1244.0397, 21.3366
1244.0366, 21.2903
1244.0334, 21.244
1244.0303, 21.1977
1245.7197, 21.1515
1245.7166, 21.1052
1247.406, 21.0589
1247.4028, 21.0126
1247.3997, 20.9663
1249.0891, 20.9201
1249.086, 20.8738
1249.0828, 20.8275
1250.7722, 20.7812
1252.4616, 20.7349
1252.4585, 20.6888
1254.1479, 20.6425
1255.8373, 20.5963
1257.5267, 20.5501
1259.2192, 20.5501
1260.9117, 20.5502
1262.6042, 20.5503
1262.6011, 20.504
1264.2936, 20.504
1265.9893, 20.5504
1267.685, 20.5967
1265.9956, 20.643
1267.6881, 20.643
1269.3838, 20.6894
1269.3869, 20.7357
1269.39, 20.782
1271.0857, 20.8284
1271.0888, 20.8747
1271.092, 20.921
1272.7875, 20.9673
1272.7908, 21.0136
1274.4864, 21.06
1274.4896, 21.1063
1274.4927, 21.1526
1274.4958, 21.1989
1276.1915, 21.2452
1276.1945, 21.2915
1276.1978, 21.3378
1276.2009, 21.3841
1277.8965, 21.4304
1277.8997, 21.4768
1277.9028, 21.5231
1277.906, 21.5694
1279.6016, 21.6157
1279.6048, 21.662
1279.6078, 21.7083
1281.3035, 21.7547
1281.3067, 21.801
1281.3098, 21.8473
1281.313, 21.8936
1283.0086, 21.9399
1283.0118, 21.9862
1283.0149, 22.0325
1283.018, 22.0788
1284.7137, 22.1252
1284.7168, 22.1715
1284.72, 22.2178
1284.7231, 22.2641
1286.4188, 22.3104
1286.4219, 22.3567
1286.425, 22.403
1286.4282, 22.4493
1288.1238, 22.4957
1288.127, 22.542
1288.1301, 22.5883
1288.1332, 22.6346
1289.8289, 22.6808
1289.8319, 22.7271
1289.8352, 22.7734
1289.8383, 22.8197
1291.534, 22.8662
1291.5371, 22.9125
1291.5402, 22.9588
1291.5434, 23.0051
1291.5465, 23.0514
1293.2422, 23.0977
1293.2453, 23.144
1293.2484, 23.1903
1293.2516, 23.2366
1293.2547, 23.2829
1293.2578, 23.3292
1294.9535, 23.3756
1294.9566, 23.4219
1294.9598, 23.4682
1294.9628, 23.5145
1296.6585, 23.5608
1296.6617, 23.6071
1296.6648, 23.6534
1298.3605, 23.6998
1298.3636, 23.7461
1298.3668, 23.7924
1298.3699, 23.8387
1298.373, 23.885
1300.0687, 23.9313
1300.0718, 23.9776
1300.075, 24.0239
1301.7706, 24.0703
1301.7738, 24.1166
1301.7769, 24.1629
1301.78, 24.2092
1303.4757, 24.2555
1303.4788, 24.3018
1303.482, 24.3481
1303.4851, 24.3944
1305.1808, 24.4408
1305.1839, 24.487
1306.8796, 24.5333
1306.8827, 24.5796
1308.5784, 24.6261
1310.2709, 24.6261
1311.9634, 24.6261
1313.6591, 24.6726
1315.3516, 24.6726
1315.3485, 24.6263
1317.0379, 24.58
1317.0347, 24.5338
1317.0316, 24.4875
1318.721, 24.4413
1318.7179, 24.395
1318.7147, 24.3487
1320.4041, 24.3025
1320.401, 24.2562
1322.0904, 24.21
1322.0872, 24.1637
1323.7766, 24.1174
1323.7734, 24.0711
1323.7704, 24.0248
1325.4598, 23.9786
1325.4566, 23.9323
1325.4535, 23.886
1327.1429, 23.8397
1327.1398, 23.7934
1327.1366, 23.7471
1328.826, 23.701
1328.8229, 23.6547
1328.8197, 23.6084
1330.5123, 23.6084
1330.5091, 23.5621
1330.506, 23.5158
1332.1954, 23.4696
1332.1923, 23.4233
1332.1891, 23.377
1332.186, 23.3307
1332.1829, 23.2844
1332.1797, 23.2381
1332.1766, 23.1918
1332.1735, 23.1455
1333.8629, 23.0993
1333.8597, 23.053
1333.8566, 23.0067
1333.8535, 22.9604
1333.8502, 22.9141
1335.5396, 22.8679
1335.5366, 22.8216
1335.5333, 22.7753
1335.5303, 22.729
1335.5272, 22.6827
1335.524, 22.6364
1335.5209, 22.5901
1335.5178, 22.5438
1337.2072, 22.4976
1337.204, 22.4513
1337.2009, 22.405
1337.1978, 22.3587
1337.1945, 22.3124
1337.1915, 22.2661
1337.1884, 22.2198
1338.8778, 22.1736
1338.8746, 22.1273
1338.8715, 22.081
1338.8683, 22.0347
1338.8652, 21.9884
1338.862, 21.9421
1338.859, 21.8958
1340.5483, 21.8496
1340.5452, 21.8033
1340.5421, 21.757
1340.5389, 21.7107
1340.5358, 21.6644
1340.5327, 21.6181
1340.5295, 21.5718
1342.2189, 21.5255
1342.2158, 21.4793
1342.2127, 21.433
1342.2095, 21.3867
1342.2064, 21.3404
1342.2033, 21.2941
1342.2001, 21.2478
1343.8895, 21.2015
1343.8864, 21.1552
1343.8833, 21.1089
1343.8801, 21.0626
1343.877, 21.0164
1343.8739, 20.9701
1345.5632, 20.9238
1345.5601, 20.8775
1345.557, 20.8312
1345.5537, 20.7849
1347.2432, 20.7387
1348.9325, 20.6925
1348.9295, 20.6461
1348.9264, 20.5998
1348.9232, 20.5535
1348.9201, 20.5072
1348.917, 20.461
1350.6064, 20.4148
1350.6032, 20.3685
1350.6, 20.3222
1350.597, 20.2759
1350.5937, 20.2296
1352.2832, 20.1833
1352.2801, 20.137
1352.2769, 20.0908
1352.2738, 20.0445
1353.9632, 19.9982
1353.9601, 19.9519
1353.9569, 19.9056
1353.9538, 19.8593
1353.9506, 19.813
1355.6401, 19.7668
1355.6369, 19.7205
1355.6338, 19.6742
1357.3232, 19.628
1357.3201, 19.5817
1357.3169, 19.5354
1357.3138, 19.4891
1357.3107, 19.4428
1359.0, 19.3966
1358.9969, 19.3503
1358.9938, 19.304
1360.6832, 19.2577
1360.68, 19.2114
1360.6768, 19.1651
1362.3663, 19.1189
1362.3632, 19.0726
1362.3599, 19.0263
1362.3569, 18.98
1364.0463, 18.9338
1364.0432, 18.8875
1364.04, 18.8412
1365.7294, 18.795
1365.7263, 18.7487
1365.7231, 18.7024
1365.72, 18.6561
1365.7168, 18.6098
1367.4062, 18.5636
1367.4031, 18.5173
1367.4, 18.471
1369.0894, 18.4247
1369.0863, 18.3784
1369.0831, 18.3321
1369.08, 18.2858
1370.7694, 18.2396
1370.7663, 18.1933
1370.7631, 18.147
1370.76, 18.1007
1372.4494, 18.0545
1372.4463, 18.0082
1372.4431, 17.9619
1374.1325, 17.9157
1374.1294, 17.8694
1374.1262, 17.8231
1374.1231, 17.7768
1375.8125, 17.7305
1375.8094, 17.6843
1375.8062, 17.638
1377.4956, 17.5917
1377.4925, 17.5453
1379.1819, 17.4992
1379.1788, 17.4529
1380.8681, 17.4067
1380.865, 17.3604
1382.5544, 17.3141
1384.2438, 17.2679
1385.9363, 17.268
1387.6289, 17.268
1387.6257, 17.2217
1389.3183, 17.2218
1391.0139, 17.2682
1392.7096, 17.3145
1394.4053, 17.3609
1392.7159, 17.4071
1394.4083, 17.4072
1392.7189, 17.4534
1394.4115, 17.4535
1396.1072, 17.4998
1396.1103, 17.5461
1396.1135, 17.5924
1397.8091, 17.6388
1397.8122, 17.6851
1397.8154, 17.7314
1397.8185, 17.7776
1397.8216, 17.8239
1397.8248, 17.8702
1397.8279, 17.9165
1399.5236, 17.9628
1399.5267, 18.0092
1401.2224, 18.0556
1401.2255, 18.1019
1401.2287, 18.1482
1401.2318, 18.1945
1401.2349, 18.2408
1402.9306, 18.2872
1402.9337, 18.3334
1402.9369, 18.3797
1404.6324, 18.4261
1404.6356, 18.4724
1404.6388, 18.5187
1406.3344, 18.5651
1406.3376, 18.6114
1406.3407, 18.6577
1406.3437, 18.7039
1406.347, 18.7502
1408.0426, 18.7966
1408.0458, 18.8429
1408.0489, 18.8892
1408.0521, 18.9355
1409.7477, 18.9819
1409.7508, 19.0282
1409.754, 19.0745
1409.757, 19.1207
1411.4527, 19.1671
1411.4559, 19.2134
1411.459, 19.2597
1411.4622, 19.306
1411.4653, 19.3523
1413.161, 19.3987
1413.1641, 19.445
1413.1672, 19.4912
1414.8629, 19.5375
1414.866, 19.5838
1414.8692, 19.6301
1414.8723, 19.6764
1414.8755, 19.7227
1416.5711, 19.7692
1416.5742, 19.8155
1416.5774, 19.8618
1416.5805, 19.908
1418.2762, 19.9544
1418.2793, 20.0007
1418.2824, 20.047
1418.2856, 20.0933
1419.9811, 20.1397
1419.9844, 20.186
1419.9875, 20.2323
1418.2981, 20.2785
1418.3013, 20.3248
1418.3044, 20.3711
1420.0001, 20.4174
1420.0032, 20.4637
1420.0063, 20.51
1420.0095, 20.5563
1420.0126, 20.6026
1420.0157, 20.6489
1420.0189, 20.6952
1421.7145, 20.7416
1421.7177, 20.7879
1421.7208, 20.8342
1421.7239, 20.8805
1421.7271, 20.9268
1423.4227, 20.9731
1423.4259, 21.0194
1423.429, 21.0657
1425.1247, 21.1121
1425.1278, 21.1584
1425.1309, 21.2046
1425.1341, 21.251
1426.8296, 21.2973
1426.8329, 21.3436
1426.8359, 21.3899
1426.8391, 21.4362
1426.8423, 21.4825
1426.8454, 21.5288
1428.5411, 21.5752
1428.5442, 21.6215
1428.5473, 21.6678
1428.5505, 21.7141
1428.5535, 21.7604
1428.5567, 21.8067
1430.2524, 21.853
1430.2555, 21.8993
1430.2587, 21.9456
1430.2618, 21.9919
1430.2649, 22.0382
1430.2681, 22.0845
1431.9637, 22.1309
1431.9668, 22.1772
1431.97, 22.2235
1431.9731, 22.2698
1431.9763, 22.316
1431.9794, 22.3623
1433.6751, 22.4087
1433.6782, 22.455
1433.6813, 22.5013
1433.6844, 22.5476
1433.6876, 22.5939
1433.6907, 22.6402
1435.3864, 22.6865
1435.3895, 22.7328
1435.3927, 22.7791
1435.3958, 22.8254
1437.0915, 22.8718
1437.0946, 22.9181
1437.0977, 22.9644
1437.1009, 23.0107
1437.104, 23.057
1438.7997, 23.1033
1438.8028, 23.1496
1438.8058, 23.1959
1440.5016, 23.2423
1440.5047, 23.2886
1440.5079, 23.3349
1440.511, 23.3812
1442.2067, 23.4276
1442.2098, 23.4739
1442.2129, 23.5201
1442.2161, 23.5664
1443.9117, 23.6128
1443.9149, 23.6591
1445.6105, 23.7055
1445.6137, 23.7518
1445.6168, 23.7981
1445.6199, 23.8444
1445.6231, 23.8906
1447.3187, 23.937
1449.0144, 23.9834
1450.7101, 24.0297
1452.4057, 24.0761
1454.1014, 24.1225
1455.7939, 24.1225
1457.4864, 24.1226
1459.179, 24.1227
1459.1821, 24.1689
1459.179, 24.1227
1460.8683, 24.0764
1462.5609, 24.0765
1462.5577, 24.0302
1464.2472, 23.984
1465.9397, 23.984
1465.9365, 23.9377
1465.9334, 23.8914
1465.9303, 23.8451
1467.6197, 23.7989
1467.6165, 23.7526
1467.6134, 23.7063
1467.6103, 23.66
1469.2997, 23.6138
1469.2965, 23.5675
1469.2934, 23.5211
1469.2903, 23.4748
1470.9797, 23.4287
1470.9765, 23.3824
1470.9734, 23.3361
1472.6627, 23.2898
1472.6596, 23.2435
1472.6564, 23.1972
1474.3458, 23.151
1474.3428, 23.1047
1474.3396, 23.0584
1476.029, 23.0122
1476.0259, 22.9659
1477.7153, 22.9197
1477.7122, 22.8734
1477.709, 22.8271
1479.3984, 22.7808
1479.3953, 22.7345
1479.3921, 22.6882
1481.0815, 22.642
1481.0784, 22.5957
1481.0753, 22.5493
1482.7647, 22.5032
1482.7614, 22.4569
1482.7584, 22.4106
1484.4478, 22.3644
1484.4447, 22.3181
1484.4415, 22.2718
1486.1309, 22.2255
1486.1278, 22.1792
1484.4321, 22.1329
1486.1215, 22.0867
1486.1184, 22.0404
1486.1153, 21.9941
1486.1121, 21.9478
1487.8014, 21.9015
1487.7984, 21.8552
1487.7952, 21.8089
1487.7921, 21.7626
1489.4815, 21.7164
1489.4784, 21.6701
1489.4752, 21.6238
1491.1646, 21.5776
1491.1615, 21.5312
1491.1584, 21.4849
1491.1552, 21.4386
1492.8446, 21.3925
1492.8415, 21.3462
1492.8384, 21.2999
1494.5278, 21.2536
1494.5246, 21.2074
1494.5215, 21.1611
1496.2109, 21.1148
1496.2077, 21.0685
1496.2046, 21.0222
1497.894, 20.976
1497.8909, 20.9297
1497.8877, 20.8834
1499.5771, 20.8372
1499.5739, 20.7909
1501.2634, 20.7446
1501.2603, 20.6984
1501.257, 20.6521
1502.9465, 20.6058
1502.9434, 20.5594
1504.6328, 20.5133
1504.6296, 20.467
1506.319, 20.4208
1506.3159, 20.3745
1508.0053, 20.3282
1508.0022, 20.2819
1509.6916, 20.2357
1509.6884, 20.1894
1511.3778, 20.1432
1513.0672, 20.097
1513.0641, 20.0507
1514.7534, 20.0044
1516.4429, 19.9582
1518.1323, 19.912
1519.8248, 19.912
1521.5142, 19.8658
1523.2067, 19.8659
1524.8961, 19.8195
1526.5918, 19.866
1528.2873, 19.9123
1529.983, 19.9586
1531.6787, 20.0051
1533.3744, 20.0514
1535.0701, 20.0977
1536.7658, 20.1442
1538.4614, 20.1905
1540.1571, 20.2368
1541.8527, 20.2833
1543.5484, 20.3296
1545.2441, 20.376
1546.9397, 20.4223
1548.6354, 20.4687
1550.3311, 20.5151
1552.0236, 20.5151
1552.0267, 20.5614
1552.0299, 20.6077
1552.033, 20.654
1552.0361, 20.7003
1553.7318, 20.7467
1553.7349, 20.793
1555.4306, 20.8393
1555.4337, 20.8856
1557.1294, 20.932
1557.1325, 20.9783
1558.8282, 21.0246
1558.8313, 21.0709
1558.8345, 21.1172
1560.5301, 21.1636
1562.2258, 21.21
1562.2288, 21.2563
1563.9245, 21.3026
1563.9277, 21.3489
1565.6234, 21.3953
1565.6265, 21.4416
1567.3222, 21.4879
1567.3253, 21.5342
1567.3284, 21.5805
1569.0241, 21.6269
1570.7198, 21.6733
1570.7229, 21.7195
1572.4186, 21.7659
1572.4217, 21.8122
1572.4248, 21.8585
1574.1205, 21.9049
1575.8162, 21.9512
1575.8193, 21.9975
1577.515, 22.0439
1577.5181, 22.0902
1579.2138, 22.1365
1579.2169, 22.1828
1580.9125, 22.2292
1582.6082, 22.2756
1584.3039, 22.3219
1584.307, 22.3682
1586.0027, 22.4146
1587.6983, 22.4609
1589.394, 22.5072
1591.0897, 22.5537
1592.7822, 22.5537
1594.4779, 22.6
1596.1703, 22.6002
1597.8598, 22.5539
