#DataThief /Users/jrpowers-luhn/Desktop/Screen Shot 2018-02-16 at 11.33.42 AM.png Friday 16-Feb-2018 11:41:28 AM
200.0, 78.4394
200.0, 78.2341
200.0, 78.0287
200.0, 77.8234
200.0, 77.6181
200.0, 77.4127
200.0, 77.2074
200.0, 77.0021
200.0, 76.7967
200.0, 76.5914
200.0, 76.386
200.0, 76.1807
200.0, 75.9754
200.0, 75.77
200.0, 75.5647
200.0, 75.3593
200.0, 75.154
200.0, 74.9487
200.0, 74.7433
200.0, 74.538
200.0, 74.3326
200.0, 74.1273
200.0, 73.922
200.0, 73.7166
200.0, 73.5112
200.0, 73.306
200.8484, 73.1006
200.8484, 72.8953
200.8484, 72.6899
200.8484, 72.4846
200.8484, 72.2793
200.8484, 72.0739
200.8484, 71.8686
200.8484, 71.6632
200.8484, 71.4579
200.8484, 71.2526
200.8484, 71.0472
200.8484, 70.8418
200.8484, 70.6366
200.8484, 70.4312
200.8484, 70.2259
200.8484, 70.0205
200.8484, 69.8152
200.8484, 69.6099
200.8484, 69.4045
200.8484, 69.1992
200.8484, 68.9938
200.8484, 68.7885
200.8484, 68.5832
200.8484, 68.3778
200.8484, 68.1724
200.8484, 67.967
200.8484, 67.7618
200.8484, 67.5565
200.8484, 67.3511
200.8484, 67.1458
200.8484, 66.9405
200.8484, 66.7351
200.8484, 66.5298
200.8484, 66.3244
200.8484, 66.1191
200.8484, 65.9138
200.8484, 65.7084
200.8484, 65.503
200.8484, 65.2977
200.8484, 65.0924
200.8484, 64.8871
200.8484, 64.6817
200.8484, 64.4764
200.8484, 64.271
200.8484, 64.0657
201.6966, 63.8604
201.6966, 63.655
201.6966, 63.4497
201.6966, 63.2444
202.5451, 63.039
202.5451, 62.8336
202.5451, 62.6282
202.5451, 62.423
202.5451, 62.2177
202.5451, 62.0123
202.5451, 61.807
202.5451, 61.6016
202.5451, 61.3963
202.5451, 61.191
202.5451, 60.9856
202.5451, 60.7803
202.5451, 60.5749
202.5451, 60.3696
202.5451, 60.1643
202.5451, 59.9588
202.5451, 59.7536
202.5451, 59.5483
202.5451, 59.3429
202.5451, 59.1376
202.5451, 58.9322
202.5451, 58.7269
202.5451, 58.5215
202.5451, 58.3162
202.5451, 58.1109
202.5451, 57.9055
202.5451, 57.7002
202.5451, 57.4949
202.5451, 57.2894
202.5451, 57.0842
202.5451, 56.8789
202.5451, 56.6735
202.5451, 56.4682
202.5451, 56.2628
202.5451, 56.0575
203.3934, 55.8521
203.3934, 55.6468
203.3934, 55.4415
203.3934, 55.2361
203.3934, 55.0308
203.3934, 54.8255
203.3934, 54.62
203.3934, 54.4148
203.3934, 54.2094
203.3934, 54.0041
203.3934, 53.7988
203.3934, 53.5934
203.3934, 53.3881
203.3934, 53.1828
203.3934, 52.9774
203.3934, 52.7721
203.3934, 52.5667
203.3934, 52.3614
203.3934, 52.1561
203.3934, 51.9506
203.3934, 51.7454
203.3934, 51.54
203.3934, 51.3347
203.3934, 51.1294
203.3934, 50.924
203.3934, 50.7187
203.3934, 50.5133
203.3934, 50.308
203.3934, 50.1027
203.3934, 49.8973
203.3934, 49.692
203.3934, 49.4867
203.3934, 49.2812
203.3934, 49.076
203.3934, 48.8706
203.3934, 48.6653
203.3934, 48.46
203.3934, 48.2546
203.3934, 48.0493
204.2418, 47.8439
204.2418, 47.6385
204.2418, 47.4333
204.2418, 47.2279
204.2418, 47.0226
204.2418, 46.8172
204.2418, 46.6118
204.2418, 46.4066
204.2418, 46.2012
204.2418, 45.9959
204.2418, 45.7906
204.2418, 45.5852
204.2418, 45.3799
204.2418, 45.1745
204.2418, 44.9691
204.2418, 44.7639
204.2418, 44.5585
204.2418, 44.3532
204.2418, 44.1478
204.2418, 43.9425
204.2418, 43.7372
204.2418, 43.5318
204.2418, 43.3265
204.2418, 43.1211
204.2418, 42.9158
204.2418, 42.7105
204.2418, 42.5051
204.2418, 42.2998
204.2418, 42.0945
204.2418, 41.8891
204.2418, 41.6838
204.2418, 41.4784
204.2418, 41.2731
204.2418, 41.0678
204.2418, 40.8624
204.2418, 40.6571
205.0901, 40.4517
205.0901, 40.2464
205.0901, 40.0411
205.0901, 39.8357
205.0901, 39.6303
205.0901, 39.4251
205.0901, 39.2197
205.0901, 39.0144
205.0901, 38.809
205.0901, 38.6037
205.0901, 38.3984
205.0901, 38.193
205.0901, 37.9877
205.0901, 37.7823
205.0901, 37.577
205.0901, 37.3717
205.0901, 37.1663
205.0901, 36.9609
205.0901, 36.7556
205.0901, 36.5503
205.0901, 36.345
205.0901, 36.1396
205.0901, 35.9343
205.0901, 35.729
205.9385, 35.5236
205.9385, 35.3183
205.9385, 35.1129
205.9385, 34.9076
205.9385, 34.7023
205.9385, 34.4969
205.9385, 34.2916
205.9385, 34.0862
205.9385, 33.8809
205.9385, 33.6756
205.9385, 33.4702
205.9385, 33.2649
205.9385, 33.0594
205.9385, 32.8542
205.9385, 32.6489
206.7869, 32.4435
206.7869, 32.2382
206.7869, 32.0329
206.7869, 31.8275
206.7869, 31.6221
207.6352, 31.4168
207.6352, 31.2115
207.6352, 31.0062
208.4836, 30.8008
208.4836, 30.5955
208.4836, 30.3901
208.4836, 30.1848
208.4836, 29.9795
209.3319, 29.7741
209.3319, 29.5688
209.3319, 29.3634
209.3319, 29.1581
209.3319, 28.9527
209.3319, 28.7473
210.1803, 28.5421
210.1803, 28.3368
210.1803, 28.1314
210.1803, 27.9261
210.1803, 27.7207
210.1803, 27.5154
210.1803, 27.3101
210.1803, 27.1047
211.0286, 26.8994
211.0286, 26.694
211.0286, 26.4887
211.0286, 26.2833
211.0286, 26.078
211.0286, 25.8727
211.0286, 25.6674
211.0286, 25.462
211.877, 25.2567
211.877, 25.0513
211.877, 24.846
211.877, 24.6407
211.877, 24.4353
211.0286, 24.4353
211.877, 24.4353
211.877, 24.23
211.877, 24.0246
211.877, 23.8193
211.877, 23.6139
211.877, 23.4086
211.877, 23.2033
211.877, 22.9979
211.877, 22.7926
211.877, 22.5873
212.7252, 22.3819
212.7252, 22.1766
212.7252, 21.9713
212.7252, 21.7659
212.7252, 21.5606
212.7252, 21.3552
213.5737, 21.1499
213.5737, 20.9445
213.5737, 20.7391
213.5737, 20.5339
213.5737, 20.3285
214.4221, 20.1232
214.4221, 19.9179
214.4221, 19.7125
214.4221, 19.5072
214.4221, 19.3018
215.2704, 19.0965
216.1188, 19.0965
216.1188, 18.8912
216.967, 18.8912
216.967, 18.6858
216.967, 18.4805
216.967, 18.2752
216.967, 18.0698
216.967, 17.8645
216.967, 17.6591
217.8155, 17.4538
217.8155, 17.2485
218.6638, 17.2485
218.6638, 17.0431
219.5122, 16.8378
219.5122, 17.0431
220.3606, 17.2485
220.3606, 17.4538
220.3606, 17.6591
221.2089, 17.8645
221.2089, 18.0698
221.2089, 18.2752
222.0573, 18.4805
222.0573, 18.6858
222.0573, 18.8912
222.9056, 19.0965
222.9056, 19.3018
222.9056, 19.5072
223.754, 19.7125
223.754, 19.9179
223.754, 20.1232
224.6023, 20.3285
225.4506, 20.3285
226.299, 20.5339
227.1474, 20.5339
227.9958, 20.3285
228.8441, 20.3285
227.9958, 20.3285
227.1474, 20.3285
227.9958, 20.1232
228.8441, 20.1232
229.6925, 20.1232
229.6925, 19.9179
229.6925, 19.7125
229.6925, 19.5072
230.5408, 19.3018
230.5408, 19.0965
230.5408, 18.8912
230.5408, 18.6858
230.5408, 18.4805
230.5408, 18.2752
230.5408, 18.0698
230.5408, 17.8645
230.5408, 17.6591
231.3892, 17.4538
231.3892, 17.2485
231.3892, 17.0431
232.2375, 16.8378
232.2375, 16.6324
232.2375, 16.4271
232.2375, 16.2218
232.2375, 16.0164
232.2375, 15.8111
233.0859, 15.6057
233.0859, 15.4003
233.0859, 15.1951
233.0859, 14.9897
233.0859, 14.7844
233.0859, 14.5791
233.0859, 14.3737
233.0859, 14.1684
233.0859, 13.963
233.9343, 13.7577
233.9343, 13.5524
233.9343, 13.347
233.9343, 13.1417
233.9343, 12.9363
233.9343, 12.7309
233.9343, 12.5257
233.9343, 12.3203
234.7826, 12.115
234.7826, 11.9097
234.7826, 11.7043
234.7826, 11.499
234.7826, 11.2936
234.7826, 11.0883
234.7826, 10.883
234.7826, 10.6776
235.631, 10.4723
235.631, 10.2669
235.631, 10.0616
235.631, 9.8563
235.631, 9.6509
235.631, 9.4456
235.631, 9.2402
236.4793, 9.0349
236.4793, 8.8296
236.4793, 8.6242
236.4793, 8.4189
237.3277, 8.2136
237.3277, 8.0082
237.3277, 7.8029
237.3277, 7.5975
238.176, 7.3921
238.176, 7.1869
238.176, 6.9815
238.176, 6.7762
239.0244, 6.5708
239.0244, 6.3655
239.0244, 6.1602
239.8727, 5.9548
240.721, 5.7495
241.5695, 5.5441
242.4178, 5.3388
242.4178, 5.1335
242.4178, 4.9281
241.5695, 4.9281
241.5695, 5.1335
242.4178, 5.1335
243.2662, 5.1335
244.1145, 5.3388
244.9628, 5.3388
245.8112, 5.5441
246.6596, 5.5441
247.508, 5.7495
247.508, 5.9548
248.3563, 6.1602
248.3563, 6.3655
248.3563, 6.5708
249.2046, 6.7762
249.2046, 6.9815
249.2046, 7.1869
249.2046, 7.3921
249.2046, 7.5975
249.2046, 7.8029
249.2046, 8.0082
249.2046, 8.2136
249.2046, 8.4189
249.2046, 8.6242
249.2046, 8.8296
250.053, 9.0349
250.053, 9.2402
250.053, 9.4456
250.053, 9.6509
250.053, 9.8563
250.053, 10.0616
250.053, 10.2669
250.053, 10.4723
250.053, 10.6776
250.053, 10.883
250.053, 11.0883
250.053, 11.2936
250.053, 11.499
250.9014, 11.7043
250.9014, 11.9097
250.9014, 12.115
250.9014, 12.3203
250.9014, 12.5257
250.9014, 12.7309
250.9014, 12.9363
250.9014, 13.1417
250.9014, 13.347
250.9014, 13.5524
251.7497, 13.7577
251.7497, 13.963
251.7497, 14.1684
251.7497, 14.3737
251.7497, 14.5791
251.7497, 14.7844
251.7497, 14.9897
251.7497, 15.1951
251.7497, 15.4003
251.7497, 15.6057
251.7497, 15.8111
251.7497, 16.0164
251.7497, 16.2218
251.7497, 16.4271
251.7497, 16.6324
251.7497, 16.8378
251.7497, 17.0431
252.5981, 17.2485
252.5981, 17.4538
252.5981, 17.6591
252.5981, 17.8645
252.5981, 18.0698
252.5981, 18.2752
252.5981, 18.4805
252.5981, 18.6858
252.5981, 18.8912
252.5981, 19.0965
252.5981, 19.3018
252.5981, 19.5072
252.5981, 19.7125
252.5981, 19.9179
252.5981, 20.1232
252.5981, 20.3285
252.5981, 20.5339
253.4464, 20.7391
253.4464, 20.9445
253.4464, 21.1499
253.4464, 21.3552
253.4464, 21.5606
253.4464, 21.7659
253.4464, 21.9713
253.4464, 22.1766
253.4464, 22.3819
253.4464, 22.5873
253.4464, 22.7926
253.4464, 22.9979
254.2948, 23.2033
254.2948, 23.4086
254.2948, 23.6139
254.2948, 23.8193
254.2948, 24.0246
254.2948, 24.23
254.2948, 24.4353
254.2948, 24.6407
254.2948, 24.846
254.2948, 25.0513
254.2948, 25.2567
254.2948, 25.462
254.2948, 25.6674
254.2948, 25.8727
254.2948, 26.078
254.2948, 26.2833
254.2948, 26.4887
254.2948, 26.694
254.2948, 26.8994
254.2948, 27.1047
254.2948, 27.3101
255.1432, 27.5154
255.1432, 27.7207
255.1432, 27.9261
255.1432, 28.1314
255.1432, 28.3368
255.1432, 28.5421
255.1432, 28.7473
255.1432, 28.9527
255.1432, 29.1581
255.1432, 29.3634
255.1432, 29.5688
255.1432, 29.7741
255.1432, 29.9795
255.1432, 30.1848
255.1432, 30.3901
255.1432, 30.5955
255.1432, 30.8008
255.1432, 31.0062
255.1432, 31.2115
255.1432, 31.4168
255.1432, 31.6221
255.1432, 31.8275
255.1432, 32.0329
255.1432, 32.2382
255.1432, 32.4435
255.1432, 32.6489
255.9915, 32.8542
255.9915, 33.0594
255.9915, 33.2649
255.9915, 33.4702
255.9915, 33.6756
255.9915, 33.8809
255.9915, 34.0862
255.9915, 34.2916
255.9915, 34.4969
255.9915, 34.7023
255.9915, 34.9076
255.9915, 35.1129
255.9915, 35.3183
255.9915, 35.5236
255.9915, 35.729
255.9915, 35.9343
255.9915, 36.1396
255.9915, 36.345
255.9915, 36.5503
255.9915, 36.7556
255.9915, 36.9609
255.9915, 37.1663
256.8399, 37.3717
256.8399, 37.577
256.8399, 37.7823
256.8399, 37.9877
256.8399, 38.193
256.8399, 38.3984
256.8399, 38.6037
256.8399, 38.809
256.8399, 39.0144
256.8399, 39.2197
256.8399, 39.4251
256.8399, 39.6303
256.8399, 39.8357
256.8399, 40.0411
256.8399, 40.2464
256.8399, 40.4517
256.8399, 40.6571
256.8399, 40.8624
256.8399, 41.0678
256.8399, 41.2731
256.8399, 41.4784
256.8399, 41.6838
256.8399, 41.8891
256.8399, 42.0945
256.8399, 42.2998
256.8399, 42.5051
256.8399, 42.7105
256.8399, 42.9158
256.8399, 43.1211
257.6882, 43.3265
257.6882, 43.5318
257.6882, 43.7372
257.6882, 43.9425
257.6882, 44.1478
257.6882, 44.3532
257.6882, 44.5585
257.6882, 44.7639
257.6882, 44.9691
257.6882, 45.1745
257.6882, 45.3799
257.6882, 45.5852
257.6882, 45.7906
257.6882, 45.9959
257.6882, 46.2012
257.6882, 46.4066
257.6882, 46.6118
257.6882, 46.8172
257.6882, 47.0226
257.6882, 47.2279
257.6882, 47.4333
257.6882, 47.6385
257.6882, 47.8439
258.5366, 48.0493
258.5366, 48.2546
258.5366, 48.46
258.5366, 48.6653
258.5366, 48.8706
258.5366, 49.076
258.5366, 49.2812
258.5366, 49.4867
258.5366, 49.692
258.5366, 49.8973
258.5366, 50.1027
258.5366, 50.308
258.5366, 50.5133
258.5366, 50.7187
258.5366, 50.924
258.5366, 51.1294
258.5366, 51.3347
258.5366, 51.54
258.5366, 51.7454
258.5366, 51.9506
258.5366, 52.1561
258.5366, 52.3614
258.5366, 52.5667
259.3849, 52.7721
259.3849, 52.9774
259.3849, 53.1828
259.3849, 53.3881
259.3849, 53.5934
259.3849, 53.7988
259.3849, 54.0041
259.3849, 54.2094
259.3849, 54.4148
259.3849, 54.62
259.3849, 54.8255
259.3849, 55.0308
259.3849, 55.2361
259.3849, 55.4415
259.3849, 55.6468
259.3849, 55.8521
260.2333, 56.0575
260.2333, 56.2628
260.2333, 56.4682
260.2333, 56.6735
260.2333, 56.8789
260.2333, 57.0842
260.2333, 57.2894
260.2333, 57.4949
260.2333, 57.7002
260.2333, 57.9055
260.2333, 58.1109
260.2333, 58.3162
260.2333, 58.5215
260.2333, 58.7269
260.2333, 58.9322
260.2333, 59.1376
260.2333, 59.3429
260.2333, 59.5483
260.2333, 59.7536
260.2333, 59.9588
260.2333, 60.1643
260.2333, 60.3696
261.0817, 60.5749
261.0817, 60.7803
261.0817, 60.9856
261.0817, 61.191
261.0817, 61.3963
261.0817, 61.6016
261.0817, 61.807
261.0817, 62.0123
261.0817, 62.2177
261.0817, 62.423
261.0817, 62.6282
261.0817, 62.8336
261.0817, 63.039
261.0817, 63.2444
261.0817, 63.4497
261.0817, 63.655
261.0817, 63.8604
261.0817, 64.0657
261.0817, 64.271
261.0817, 64.4764
261.0817, 64.6817
261.0817, 64.8871
261.0817, 65.0924
261.0817, 65.2977
261.0817, 65.503
261.93, 65.7084
261.93, 65.9138
261.93, 66.1191
261.93, 66.3244
261.93, 66.5298
261.93, 66.7351
261.93, 66.9405
261.93, 67.1458
261.93, 67.3511
261.93, 67.5565
262.7784, 67.7618
262.7784, 67.967
262.7784, 68.1724
262.7784, 68.3778
262.7784, 68.5832
262.7784, 68.7885
262.7784, 68.9938
262.7784, 69.1992
262.7784, 69.4045
262.7784, 69.6099
262.7784, 69.8152
262.7784, 70.0205
262.7784, 70.2259
262.7784, 70.4312
262.7784, 70.6366
262.7784, 70.8418
262.7784, 71.0472
262.7784, 71.2526
262.7784, 71.4579
262.7784, 71.6632
262.7784, 71.8686
263.6267, 72.0739
263.6267, 72.2793
263.6267, 72.4846
263.6267, 72.6899
263.6267, 72.8953
263.6267, 73.1006
263.6267, 73.306
263.6267, 73.5112
263.6267, 73.7166
263.6267, 73.922
263.6267, 74.1273
264.4751, 74.3326
264.4751, 74.538
264.4751, 74.7433
264.4751, 74.9487
264.4751, 75.154
264.4751, 75.3593
264.4751, 75.5647
264.4751, 75.77
264.4751, 75.9754
264.4751, 76.1807
265.3234, 76.386
265.3234, 76.5914
265.3234, 76.7967
265.3234, 77.0021
265.3234, 77.2074
265.3234, 77.4127
265.3234, 77.6181
265.3234, 77.8234
265.3234, 78.0287
265.3234, 78.2341
265.3234, 78.4394
265.3234, 78.6448
265.3234, 78.85
266.1718, 79.0554
266.1718, 79.2608
266.1718, 79.4661
266.1718, 79.6715
266.1718, 79.8768
266.1718, 80.0821
267.0201, 80.2875
267.0201, 80.4928
267.0201, 80.6982
267.0201, 80.9035
267.0201, 81.1088
267.0201, 81.3142
267.0201, 81.5194
267.8685, 81.7248
267.8685, 81.9302
267.8685, 82.1355
267.8685, 82.3409
267.8685, 82.5462
267.8685, 82.7515
267.8685, 82.9569
267.8685, 83.1622
268.7168, 83.3676
268.7168, 83.5729
268.7168, 83.7782
268.7168, 83.9836
269.5652, 84.1889
269.5652, 84.3942
269.5652, 84.5996
270.4136, 84.8049
270.4136, 85.0103
270.4136, 85.2156
270.4136, 85.4209
270.4136, 85.6263
271.2619, 85.8316
271.2619, 86.037
272.1103, 86.2423
272.1103, 86.4476
272.1103, 86.653
272.9586, 86.8582
272.9586, 87.0637
273.807, 87.269
273.807, 87.4743
274.6554, 87.6797
274.6554, 87.885
274.6554, 88.0903
275.5037, 88.2957
276.3521, 88.501
277.2004, 88.7064
278.0488, 88.7064
278.8971, 88.7064
279.7455, 88.7064
280.5937, 88.9117
281.4422, 88.9117
282.2906, 88.9117
283.1389, 88.9117
283.9872, 88.9117
284.8356, 89.117
285.684, 89.117
286.5323, 89.3224
286.5323, 89.5276
287.3807, 89.733
288.2291, 89.9384
289.0774, 90.1437
289.9258, 90.3491
290.7741, 90.5544
291.6225, 90.7598
292.4708, 90.7598
293.3192, 90.7598
294.1676, 90.9651
295.0159, 90.9651
295.8643, 90.9651
296.7126, 90.9651
297.561, 90.9651
298.4093, 90.9651
299.2577, 90.9651
300.106, 90.9651
300.9544, 90.9651
301.8028, 90.9651
302.6511, 91.1703
303.4995, 91.1703
304.3477, 91.1703
305.1962, 91.1703
306.0445, 91.3758
306.8929, 91.3758
307.7412, 91.5811
308.5896, 91.5811
309.438, 91.5811
310.2863, 91.5811
311.1347, 91.5811
311.983, 91.3758
312.8314, 91.3758
313.6797, 91.5811
314.5281, 91.5811
315.3765, 91.5811
316.2248, 91.5811
317.0732, 91.3758
317.9215, 91.3758
318.7699, 91.3758
319.6181, 91.3758
320.4666, 91.3758
321.315, 91.5811
322.1633, 91.5811
323.0117, 91.5811
323.8599, 91.5811
324.7084, 91.5811
325.5567, 91.5811
326.4051, 91.5811
327.2534, 91.5811
328.1018, 91.7864
328.9502, 91.7864
329.7985, 91.7864
330.6469, 91.7864
331.4952, 91.7864
332.3436, 91.7864
333.1919, 91.7864
334.0403, 91.7864
334.8887, 91.9918
335.737, 91.9918
336.5854, 91.9918
337.4337, 91.9918
338.2821, 91.9918
339.1304, 91.9918
339.9788, 91.9918
340.8271, 91.9918
341.6755, 91.9918
342.5239, 91.9918
343.3721, 91.9918
344.2206, 91.9918
345.0689, 91.9918
345.9173, 91.9918
346.7656, 91.9918
347.6139, 91.9918
348.4624, 92.1971
349.3107, 92.1971
350.1591, 92.1971
351.0074, 92.1971
351.8558, 91.9918
352.7041, 91.9918
353.5525, 91.9918
354.4008, 91.9918
355.2492, 91.9918
356.0976, 92.1971
356.9459, 92.1971
357.7943, 92.1971
358.6425, 92.1971
359.491, 92.1971
360.3393, 92.1971
361.1877, 92.1971
362.0361, 92.1971
362.8843, 92.1971
363.7328, 92.1971
364.5811, 92.1971
365.4295, 92.1971
366.2778, 92.1971
367.1262, 92.1971
367.9745, 92.1971
368.8229, 92.1971
369.6713, 92.1971
370.5196, 92.1971
371.3679, 92.1971
372.2163, 92.1971
373.0647, 92.1971
373.913, 92.1971
374.7614, 92.1971
375.6098, 92.1971
376.4581, 92.1971
377.3065, 92.1971
378.1548, 92.1971
379.0032, 92.1971
379.8515, 92.1971
380.6999, 92.1971
381.5483, 92.1971
382.3966, 92.4025
383.245, 92.4025
384.0933, 92.4025
384.9417, 92.4025
385.79, 92.4025
386.6383, 92.4025
387.4867, 92.4025
388.3351, 92.4025
389.1835, 92.4025
390.0318, 92.4025
390.8801, 92.1971
391.7285, 92.1971
392.5769, 92.1971
393.4252, 92.1971
394.2736, 92.1971
395.1219, 92.1971
395.9703, 92.1971
396.8187, 92.1971
397.667, 92.1971
398.5154, 92.1971
399.3637, 92.1971
400.2121, 92.1971
401.0604, 92.1971
401.9088, 92.1971
402.7572, 92.1971
403.6055, 92.1971
404.4539, 92.1971
405.3022, 92.1971
406.1506, 92.1971
406.9989, 92.1971
407.8473, 92.1971
408.6957, 92.1971
409.544, 92.1971
410.3924, 92.1971
411.2407, 92.1971
412.0891, 92.1971
412.9374, 92.1971
413.7858, 92.1971
414.6341, 92.1971
415.4825, 92.4025
416.3309, 92.4025
417.1792, 92.4025
418.0276, 92.4025
418.8759, 92.4025
419.7243, 92.4025
420.5726, 92.4025
421.421, 92.6078
422.2694, 92.6078
423.1177, 92.6078
423.9661, 92.6078
424.8144, 92.6078
425.6627, 92.6078
426.511, 92.6078
427.3595, 92.6078
428.2078, 92.6078
429.0562, 92.6078
429.9045, 92.8131
430.7529, 92.8131
431.6013, 92.8131
432.4496, 92.8131
433.298, 93.0185
434.1463, 93.0185
434.9947, 93.2238
435.8431, 93.2238
436.6914, 93.2238
437.5398, 93.2238
438.3881, 93.2238
439.2365, 93.2238
440.0848, 93.2238
440.9332, 93.2238
441.7814, 93.2238
442.6299, 93.2238
443.4783, 93.2238
444.3266, 93.2238
445.175, 93.2238
446.0233, 93.2238
446.8717, 93.2238
447.72, 93.4292
448.5684, 93.4292
449.4168, 93.4292
450.2651, 93.4292
451.1135, 93.4292
451.9618, 93.4292
452.8102, 93.4292
453.6585, 93.4292
454.5069, 93.4292
455.3552, 93.4292
456.2036, 93.4292
457.052, 93.4292
457.9003, 93.4292
458.7487, 93.4292
459.597, 93.4292
460.4454, 93.4292
461.2937, 93.4292
462.1421, 93.4292
462.9905, 93.6345
463.8388, 93.6345
464.6872, 93.6345
465.5354, 93.6345
466.3839, 93.6345
467.2322, 93.6345
468.0806, 93.6345
468.929, 93.6345
469.7772, 93.6345
470.6257, 93.6345
471.474, 93.6345
472.3224, 93.6345
473.1707, 93.6345
474.0191, 93.6345
474.8674, 93.6345
475.7158, 93.6345
476.5642, 93.6345
477.4125, 93.4292
478.2609, 93.4292
479.1092, 93.4292
479.9576, 93.4292
480.8058, 93.4292
481.6543, 93.4292
482.5027, 93.4292
483.351, 93.6345
484.1994, 93.6345
485.0477, 93.6345
485.8961, 93.6345
486.7444, 93.6345
487.5928, 93.6345
488.4411, 93.6345
489.2894, 93.6345
490.1379, 93.6345
490.9862, 93.6345
491.8346, 93.6345
492.6829, 93.6345
493.5312, 93.6345
494.3796, 93.6345
495.228, 93.6345
496.0764, 93.6345
496.9247, 93.6345
497.7731, 93.6345
498.6214, 93.6345
499.4698, 93.6345
500.3181, 93.6345
501.1665, 93.6345
502.0148, 93.6345
502.8632, 93.6345
503.7116, 93.6345
504.5598, 93.6345
505.4083, 93.6345
506.2566, 93.6345
507.105, 93.6345
507.9533, 93.6345
508.8016, 93.6345
509.6501, 93.6345
510.4984, 93.6345
511.3468, 93.6345
512.1951, 93.4292
513.0435, 93.4292
513.8918, 93.4292
514.7402, 93.4292
515.5885, 93.4292
516.4369, 93.4292
517.2852, 93.4292
518.1336, 93.4292
518.982, 93.4292
519.8303, 93.4292
520.6787, 93.4292
521.527, 93.4292
522.3754, 93.6345
523.2238, 93.6345
524.0721, 93.6345
524.9205, 93.6345
525.7688, 93.6345
526.6172, 93.6345
527.4655, 93.6345
528.3139, 93.6345
529.1622, 93.6345
530.0106, 93.6345
530.859, 93.6345
531.7073, 93.6345
532.5556, 93.6345
533.404, 93.6345
534.2524, 93.6345
535.1007, 93.6345
535.9491, 93.6345
536.7974, 93.6345
537.6458, 93.6345
538.4942, 93.6345
539.3425, 93.6345
540.1909, 93.8397
541.0392, 93.8397
541.8876, 93.8397
542.7359, 93.8397
543.5843, 93.8397
544.4327, 93.8397
545.281, 93.8397
546.1294, 93.8397
546.9777, 93.8397
547.826, 93.8397
548.6743, 93.8397
549.5228, 93.6345
550.3712, 93.6345
551.2195, 93.6345
552.0679, 93.6345
552.9162, 93.6345
553.7646, 93.6345
554.6129, 93.6345
555.4613, 93.6345
556.3096, 93.6345
557.158, 93.6345
558.0064, 93.6345
558.8547, 93.6345
559.7031, 93.6345
560.5514, 93.6345
561.3998, 93.6345
562.2481, 93.6345
563.0965, 93.6345
563.9449, 93.6345
564.7932, 93.6345
565.6416, 93.6345
566.4899, 93.6345
567.3383, 93.6345
568.1865, 93.6345
569.035, 93.6345
569.8834, 93.6345
570.7317, 93.6345
571.58, 93.6345
572.4284, 93.6345
573.2768, 93.6345
574.1251, 93.6345
574.9735, 93.6345
575.8218, 93.6345
576.6702, 93.6345
576.6702, 93.8397
577.5186, 93.8397
578.3669, 93.8397
579.2153, 93.8397
580.0636, 93.8397
580.912, 93.8397
581.7603, 93.8397
582.6087, 93.8397
583.4571, 93.8397
584.3054, 93.8397
585.1538, 93.8397
586.0021, 93.8397
586.8505, 93.8397
587.6987, 93.8397
588.5472, 93.8397
589.3955, 93.8397
590.2439, 93.8397
591.0923, 93.8397
591.9405, 93.8397
592.789, 93.8397
593.6373, 93.8397
594.4857, 93.8397
595.334, 93.8397
596.1824, 93.8397
597.0308, 93.8397
597.8791, 93.8397
598.7275, 93.8397
599.5758, 93.8397
600.4242, 93.8397
601.2725, 93.8397
602.1209, 93.8397
602.9691, 93.8397
603.8176, 93.8397
604.666, 93.8397
605.5143, 93.8397
606.3627, 93.8397
607.211, 93.8397
608.0594, 93.8397
608.9077, 93.8397
609.7561, 93.8397
610.6045, 93.8397
611.4527, 93.8397
612.3012, 93.8397
613.1495, 93.8397
613.9979, 93.8397
614.8462, 93.8397
615.6945, 93.8397
616.5429, 93.8397
617.3913, 93.8397
618.2397, 93.8397
619.088, 94.0452
619.9364, 94.0452
620.7847, 94.0452
621.6331, 94.0452
622.4814, 94.0452
623.3298, 94.0452
624.1782, 94.0452
625.0265, 94.0452
625.8749, 94.0452
626.7231, 94.0452
627.5716, 94.0452
628.4199, 94.0452
629.2683, 94.0452
630.1166, 94.0452
630.9649, 94.0452
631.8134, 94.0452
632.6617, 94.0452
633.5101, 94.0452
634.3584, 94.0452
635.2068, 94.0452
636.0551, 94.0452
636.9035, 94.0452
637.7519, 94.0452
638.6002, 94.0452
639.4485, 94.0452
640.2969, 94.0452
641.1453, 94.0452
641.9936, 94.0452
642.842, 94.0452
643.6903, 94.0452
644.5387, 94.0452
645.3871, 94.0452
646.2354, 94.0452
647.0838, 94.0452
647.9321, 94.0452
648.7805, 94.0452
649.6288, 94.0452
650.4772, 94.0452
651.3256, 94.0452
652.1739, 94.0452
653.0223, 94.0452
653.8706, 94.0452
654.7189, 94.0452
655.5673, 94.0452
656.4157, 94.0452
657.2641, 94.0452
658.1124, 94.0452
658.9607, 94.0452
659.8091, 94.0452
660.6575, 94.0452
661.5058, 94.0452
662.3542, 94.0452
663.2025, 94.0452
664.0509, 94.0452
664.8993, 94.0452
665.7476, 94.0452
666.596, 94.0452
667.4443, 94.0452
668.2927, 94.0452
669.141, 94.0452
669.9893, 94.0452
670.8378, 94.0452
671.6861, 94.0452
672.5345, 94.0452
673.3828, 94.0452
674.2312, 94.0452
675.0795, 94.2505
675.9279, 94.2505
676.7762, 94.2505
677.6246, 94.2505
678.4729, 94.2505
679.3213, 94.2505
680.1697, 94.2505
681.018, 94.2505
681.8664, 94.2505
682.7147, 94.2505
683.5631, 94.2505
684.4115, 94.0452
685.2598, 94.0452
686.1082, 94.0452
686.9565, 94.0452
687.8049, 94.0452
688.6532, 94.0452
689.5016, 94.0452
690.3498, 94.0452
691.1983, 94.0452
692.0467, 94.0452
692.895, 94.0452
693.7433, 94.0452
694.5917, 94.0452
695.4401, 94.0452
696.2884, 94.0452
697.1368, 94.0452
697.9851, 94.0452
698.8335, 94.0452
699.6819, 94.0452
700.5302, 94.0452
701.3786, 94.0452
702.2269, 94.0452
703.0753, 94.0452
703.9236, 94.0452
704.772, 94.0452
705.6204, 94.0452
706.4687, 94.0452
707.3171, 94.0452
708.1654, 94.0452
709.0138, 94.0452
709.862, 94.2505
710.7105, 94.2505
711.5589, 94.2505
712.4072, 94.2505
713.2556, 94.2505
714.1039, 94.2505
714.9523, 94.2505
715.8006, 94.2505
716.649, 94.2505
717.4973, 94.2505
718.3457, 94.2505
719.1941, 94.2505
720.0424, 94.2505
720.8908, 94.2505
721.7391, 94.2505
722.5875, 94.2505
723.4358, 94.2505
724.2842, 94.2505
725.1326, 94.2505
725.9809, 94.2505
726.8293, 94.2505
727.6776, 94.0452
728.526, 94.0452
729.3743, 94.2505
730.2227, 94.2505
731.071, 94.2505
731.9194, 94.2505
732.7678, 94.2505
733.616, 94.2505
734.4645, 94.2505
735.3128, 94.2505
736.1612, 94.4559
737.0095, 94.4559
737.8578, 94.4559
738.7063, 94.4559
739.5546, 94.4559
740.403, 94.4559
741.2513, 94.2505
742.0997, 94.2505
742.948, 94.2505
743.7964, 94.2505
744.6448, 94.2505
745.4931, 94.2505
746.3415, 94.2505
747.1898, 94.2505
748.0382, 94.2505
748.8864, 94.0452
749.7349, 94.0452
750.5832, 94.0452
751.4316, 94.0452
752.28, 94.0452
753.1283, 94.0452
753.9767, 94.2505
754.825, 94.2505
755.6734, 94.2505
756.5217, 94.2505
757.37, 94.2505
758.2185, 94.2505
759.0668, 94.2505
759.9152, 94.2505
760.7635, 94.2505
761.6118, 94.2505
762.4602, 94.2505
763.3086, 94.2505
764.1569, 94.2505
765.0053, 94.2505
765.8537, 94.2505
766.702, 94.2505
767.5504, 94.2505
768.3987, 94.2505
769.2471, 94.2505
770.0954, 94.2505
770.9438, 94.2505
771.7922, 94.2505
772.6404, 94.4559
773.4889, 94.4559
774.3372, 94.4559
775.1856, 94.4559
776.0339, 94.4559
776.8822, 94.4559
777.7306, 94.4559
778.579, 94.4559
779.4274, 94.4559
780.2757, 94.4559
781.1241, 94.4559
781.9724, 94.4559
782.8208, 94.4559
783.6691, 94.4559
784.5175, 94.4559
785.3659, 94.4559
786.2142, 94.4559
787.0626, 94.4559
787.9109, 94.4559
788.7593, 94.4559
789.6076, 94.4559
790.456, 94.4559
791.3043, 94.4559
792.1527, 94.4559
793.0011, 94.6612
793.8494, 94.6612
794.6978, 94.6612
795.5461, 94.6612
796.3945, 94.6612
797.2428, 94.6612
798.0912, 94.6612
798.9396, 94.6612
799.7879, 94.6612
800.6362, 94.6612
801.4846, 94.6612
802.333, 94.6612
803.1813, 94.6612
804.0297, 94.4559
804.878, 94.4559
805.7264, 94.4559
806.5748, 94.4559
807.4231, 94.4559
808.2715, 94.4559
809.1198, 94.4559
809.9682, 94.4559
810.8165, 94.4559
811.6649, 94.4559
812.5133, 94.4559
813.3616, 94.6612
814.21, 94.6612
815.0583, 94.6612
815.9066, 94.6612
816.755, 94.6612
817.6034, 94.6612
818.4517, 94.6612
819.3001, 94.6612
820.1485, 94.6612
820.9968, 94.6612
821.8452, 94.6612
822.6935, 94.6612
823.5419, 94.6612
824.3902, 94.6612
825.2386, 94.6612
826.087, 94.6612
826.9353, 94.6612
827.7837, 94.6612
828.632, 94.6612
829.4804, 94.6612
830.3287, 94.6612
831.1771, 94.6612
832.0255, 94.6612
832.8738, 94.6612
833.7222, 94.6612
834.5705, 94.6612
835.4189, 94.6612
836.2671, 94.6612
837.1156, 94.6612
837.9639, 94.6612
838.8123, 94.6612
839.6606, 94.6612
840.509, 94.6612
841.3574, 94.6612
842.2057, 94.6612
843.0541, 94.6612
843.9024, 94.6612
844.7508, 94.6612
845.5992, 94.6612
846.4475, 94.6612
847.2959, 94.6612
848.1442, 94.6612
848.9926, 94.6612
849.8409, 94.6612
850.6893, 94.6612
851.5375, 94.6612
852.386, 94.6612
853.2344, 94.6612
854.0827, 94.6612
854.9311, 94.6612
855.7793, 94.8665
856.6278, 94.8665
857.4761, 94.8665
858.3245, 94.8665
859.1729, 94.8665
860.0212, 94.8665
860.8696, 94.8665
861.7179, 94.8665
862.5663, 94.8665
863.4146, 94.8665
864.263, 94.6612
865.1113, 94.6612
865.9597, 94.6612
866.8081, 94.6612
867.6564, 94.6612
868.5048, 94.8665
869.3531, 94.8665
870.2015, 94.8665
871.0498, 94.8665
871.8982, 94.8665
872.7466, 94.8665
873.5949, 94.8665
874.4433, 94.8665
875.2916, 94.6612
876.14, 94.6612
876.9883, 94.6612
877.8367, 94.6612
878.685, 94.6612
879.5333, 94.6612
880.3818, 94.6612
881.2301, 94.6612
882.0785, 94.6612
882.9268, 94.6612
883.7752, 94.6612
884.6235, 94.6612
885.4719, 94.6612
886.3203, 94.6612
887.1686, 94.6612
888.017, 94.4559
888.8653, 94.4559
889.7137, 94.4559
890.562, 94.4559
891.4104, 94.4559
892.2587, 94.4559
893.1071, 94.4559
893.9555, 94.4559
894.8037, 94.4559
895.6522, 94.4559
896.5005, 94.4559
897.3489, 94.4559
898.1972, 94.4559
899.0456, 94.4559
899.894, 94.4559
900.7423, 94.4559
901.5907, 94.4559
902.439, 94.4559
903.2873, 94.4559
904.1357, 94.4559
904.9841, 94.4559
905.8324, 94.4559
906.6808, 94.4559
907.5292, 94.4559
908.3775, 94.4559
909.2259, 94.4559
910.0742, 94.4559
910.9226, 94.4559
911.7709, 94.4559
912.6193, 94.4559
913.4677, 94.4559
914.316, 94.4559
915.1644, 94.4559
916.0127, 94.4559
916.8611, 94.4559
917.7094, 94.6612
918.5577, 94.6612
919.4062, 94.6612
920.2545, 94.6612
921.1029, 94.6612
921.9512, 94.6612
922.7995, 94.6612
923.6479, 94.6612
924.4963, 94.6612
925.3446, 94.6612
926.193, 94.6612
927.0414, 94.6612
927.8897, 94.6612
928.7381, 94.6612
929.5864, 94.6612
930.4348, 94.6612
931.2831, 94.6612
932.1315, 94.6612
932.9799, 94.6612
933.8282, 94.6612
934.6766, 94.6612
935.5249, 94.6612
936.3733, 94.6612
937.2216, 94.6612
938.07, 94.6612
938.9183, 94.6612
939.7667, 94.6612
940.6151, 94.6612
941.4634, 94.4559
942.3118, 94.2505
943.1601, 94.2505
944.0085, 94.2505
944.8568, 94.2505
945.7052, 94.2505
946.5535, 94.2505
947.4019, 94.2505
948.2503, 94.2505
949.0986, 94.2505
949.947, 94.2505
950.7953, 94.2505
951.6437, 94.2505
952.492, 94.2505
953.3404, 94.4559
954.1888, 94.4559
955.0371, 94.4559
955.8855, 94.4559
956.7338, 94.4559
957.5822, 94.6612
958.4304, 94.6612
959.2789, 94.6612
960.1273, 94.6612
960.9756, 94.6612
961.8239, 94.6612
962.6723, 94.6612
963.5207, 94.6612
964.369, 94.6612
965.2174, 94.6612
966.0657, 94.6612
966.9141, 94.6612
967.7625, 94.6612
968.6108, 94.6612
969.4592, 94.6612
970.3075, 94.6612
971.1559, 94.8665
972.0042, 95.0719
972.8526, 95.0719
973.701, 95.0719
974.5493, 95.0719
975.3977, 95.0719
976.246, 95.0719
977.0944, 95.0719
977.9426, 95.0719
978.7911, 94.8665
979.6394, 94.8665
980.4878, 94.8665
981.3362, 94.8665
982.1844, 94.8665
983.0329, 94.8665
983.8812, 94.8665
984.7296, 94.8665
985.5779, 94.8665
986.4263, 94.8665
987.2747, 94.6612
988.123, 94.6612
988.9714, 94.6612
989.8197, 94.6612
990.6681, 94.6612
991.5164, 94.6612
992.3648, 94.6612
993.2131, 94.6612
994.0615, 94.6612
994.9099, 94.6612
995.7582, 94.6612
996.6066, 94.6612
997.4549, 94.6612
998.3033, 94.6612
999.1516, 94.6612
1000.0, 94.6612
1000.8484, 94.6612
1001.6966, 94.6612
1002.5451, 94.6612
1003.3934, 94.6612
1004.2418, 94.6612
1005.0901, 94.8665
1005.9385, 94.8665
1006.7869, 94.8665
1007.6352, 94.8665
1008.4836, 94.8665
1009.3319, 94.8665
1010.1803, 94.8665
1011.0286, 94.8665
1011.877, 94.8665
1012.7252, 94.8665
1013.5737, 94.8665
1014.4221, 94.8665
1015.2704, 94.6612
1016.1188, 94.6612
1016.967, 94.4559
1017.8155, 94.4559
1018.6638, 94.4559
1019.5122, 94.6612
1020.3606, 94.6612
1021.2089, 94.6612
1022.0573, 94.6612
1022.9056, 94.8665
1023.754, 94.8665
1024.6023, 95.0719
1025.4506, 95.0719
1026.299, 95.0719
1027.1474, 95.0719
1027.9958, 94.8665
1028.8441, 94.8665
1029.6925, 94.8665
1030.5408, 94.8665
1031.3892, 94.8665
1032.2375, 94.8665
1033.0859, 94.6612
1033.9343, 94.6612
1034.7826, 94.6612
1035.631, 94.6612
1036.4793, 94.6612
1037.3277, 94.6612
1038.176, 94.6612
1039.0244, 94.4559
1039.8727, 94.2505
1039.8727, 94.0452
1040.721, 93.8397
1041.5695, 93.8397
1042.4178, 93.8397
1043.2662, 94.0452
1044.1145, 94.0452
1044.9628, 94.0452
1045.8112, 94.0452
1046.6596, 94.0452
1047.508, 94.2505
1048.3563, 94.4559
1049.2046, 94.6612
1050.053, 94.8665
