2.350169999999999959e+02 1.330097824067778545e-01
2.354869999999999948e+02 1.409939425653001233e-01
2.359579999999999984e+02 1.473538145487064965e-01
2.364279999999999973e+02 1.395935663154452278e-01
2.368990000000000009e+02 1.442052574481388627e-01
2.373689999999999998e+02 1.452632939624236841e-01
2.378400000000000034e+02 1.453049434012239072e-01
2.383100000000000023e+02 1.468966843788005738e-01
2.387800000000000011e+02 1.573224540835729546e-01
2.392510000000000048e+02 1.486088719337369246e-01
2.397210000000000036e+02 1.654540964176191564e-01
2.401910000000000025e+02 1.529903361042899701e-01
2.406620000000000061e+02 1.538495732756517409e-01
2.411320000000000050e+02 1.576854759012235041e-01
2.416020000000000039e+02 1.471206706627661565e-01
2.420720000000000027e+02 1.542612862923445904e-01
2.425420000000000016e+02 1.556096504772954692e-01
2.430130000000000052e+02 1.498070597841547891e-01
2.434830000000000041e+02 1.509708962435618029e-01
2.439530000000000030e+02 1.524221393702120675e-01
2.444230000000000018e+02 1.570602326857206132e-01
2.448930000000000007e+02 1.438808379592755593e-01
2.453629999999999995e+02 1.428252522305618888e-01
2.458329999999999984e+02 1.344722406755669009e-01
2.463029999999999973e+02 1.377409678266110216e-01
2.467729999999999961e+02 1.403530183486834948e-01
2.472429999999999950e+02 1.460289064362680356e-01
2.477119999999999891e+02 1.358623031072109522e-01
2.481819999999999879e+02 1.308941921368412531e-01
2.486519999999999868e+02 1.378944755929268351e-01
2.491220000000000141e+02 1.337254485582048957e-01
2.495920000000000130e+02 1.248958897097097592e-01
2.500610000000000070e+02 1.272526388711126000e-01
2.505310000000000059e+02 1.290277951913687271e-01
2.510010000000000048e+02 1.171537052663109840e-01
2.514710000000000036e+02 1.145757293252690906e-01
2.519399999999999977e+02 1.246979694506585024e-01
2.524099999999999966e+02 1.146128063902988742e-01
2.528789999999999907e+02 1.051404103600542123e-01
2.533489999999999895e+02 1.092020768146286930e-01
2.538180000000000121e+02 1.059114821436536596e-01
2.542880000000000109e+02 1.053212211370551793e-01
2.547570000000000050e+02 1.077281785275496645e-01
2.552270000000000039e+02 9.917266720636358501e-02
2.556959999999999980e+02 9.528923735959085595e-02
2.561659999999999968e+02 9.068825328074499315e-02
2.566349999999999909e+02 8.353081616138768872e-02
2.571050000000000182e+02 7.906470654820367538e-02
2.575740000000000123e+02 7.226422141381026731e-02
2.580430000000000064e+02 7.256192943794752270e-02
2.585129999999999768e+02 6.910415779675495307e-02
2.589820000000000277e+02 6.615501614217050852e-02
2.594510000000000218e+02 6.026842112609339525e-02
2.599200000000000159e+02 5.855261515570146097e-02
2.603890000000000100e+02 5.546395283335853188e-02
2.608589999999999804e+02 5.095730828214764530e-02
2.613279999999999745e+02 5.113527553160897299e-02
2.617970000000000255e+02 4.740301873761997020e-02
2.622660000000000196e+02 4.511287065830698467e-02
2.627350000000000136e+02 4.392509908902395704e-02
2.632040000000000077e+02 4.262197626965313901e-02
2.636730000000000018e+02 4.011481104897475503e-02
2.641419999999999959e+02 3.835966618052179256e-02
2.646109999999999900e+02 3.702471259873308523e-02
2.650799999999999841e+02 3.587886622141639448e-02
2.655489999999999782e+02 3.549442494864973874e-02
2.660179999999999723e+02 3.424047517572849364e-02
2.664870000000000232e+02 3.343964625343914809e-02
2.669549999999999841e+02 3.203364854281089830e-02
2.674239999999999782e+02 3.156573846456683236e-02
2.678929999999999723e+02 3.034484356512749323e-02
2.683620000000000232e+02 3.007313098614248711e-02
2.688299999999999841e+02 2.884359675603254819e-02
2.692989999999999782e+02 2.842411108890000038e-02
2.697679999999999723e+02 2.715614801161905789e-02
2.702359999999999900e+02 2.692916708825475111e-02
2.707049999999999841e+02 2.623652764202501556e-02
2.711739999999999782e+02 2.448043166630580955e-02
2.716419999999999959e+02 2.321597167954145974e-02
2.721109999999999900e+02 2.465354935922950408e-02
2.725790000000000077e+02 2.332723123684754193e-02
2.730480000000000018e+02 2.185718004453286040e-02
2.735160000000000196e+02 2.272443000162406926e-02
2.739850000000000136e+02 2.168019042377315395e-02
2.744529999999999745e+02 2.107557876929784524e-02
2.749220000000000255e+02 2.057742874778406214e-02
2.753899999999999864e+02 2.094081788948393141e-02
2.758580000000000041e+02 2.116010475031639484e-02
2.763269999999999982e+02 2.076874516434931359e-02
2.767950000000000159e+02 2.006451513616704790e-02
2.772629999999999768e+02 2.030731141975240447e-02
2.777309999999999945e+02 1.991371588878374649e-02
2.781999999999999886e+02 2.016547154252782553e-02
2.786680000000000064e+02 2.012986717274327722e-02
2.791360000000000241e+02 2.003082033104328086e-02
2.796039999999999850e+02 1.986342823081676048e-02
2.800720000000000027e+02 2.056341155819197894e-02
2.805400000000000205e+02 2.097055519294039813e-02
2.810079999999999814e+02 2.039995605886999602e-02
2.814769999999999754e+02 2.101502409539832139e-02
2.819449999999999932e+02 2.125252128104172800e-02
2.824130000000000109e+02 2.088683026562803552e-02
2.828809999999999718e+02 2.147914024819062156e-02
2.833480000000000132e+02 2.131667050665964763e-02
2.838159999999999741e+02 2.136807228017770233e-02
2.842839999999999918e+02 2.108827963666654731e-02
2.847520000000000095e+02 2.197588797172211894e-02
2.852200000000000273e+02 2.214554394382614241e-02
2.856879999999999882e+02 2.262173233252753532e-02
2.861560000000000059e+02 2.242738463646640895e-02
2.866229999999999905e+02 2.273872593208977472e-02
2.870910000000000082e+02 2.297330252855859373e-02
2.875590000000000259e+02 2.258200857935906830e-02
2.880260000000000105e+02 2.307697266632284527e-02
2.884940000000000282e+02 2.269550127013741231e-02
2.889619999999999891e+02 2.278306488726072887e-02
2.894289999999999736e+02 2.251967244741250387e-02
2.898969999999999914e+02 2.197124044602436280e-02
2.903639999999999759e+02 2.136559995133646694e-02
2.908319999999999936e+02 2.134861091887929954e-02
2.913000000000000114e+02 2.098708694925255358e-02
2.917669999999999959e+02 2.072955808780295797e-02
2.922339999999999804e+02 2.063194335680516162e-02
2.927019999999999982e+02 2.029441666279698311e-02
2.931689999999999827e+02 1.967977603549940849e-02
2.936370000000000005e+02 1.922203266381267844e-02
2.941039999999999850e+02 1.896180948455750831e-02
2.945710000000000264e+02 1.832453028506909887e-02
2.950389999999999873e+02 1.824116833110234204e-02
2.955059999999999718e+02 1.823731813256012843e-02
2.959730000000000132e+02 1.782779694766647646e-02
2.964399999999999977e+02 1.736550131970171496e-02
2.969080000000000155e+02 1.698987976446734646e-02
2.973750000000000000e+02 1.704696193933772849e-02
2.978419999999999845e+02 1.647775683685432507e-02
2.983090000000000259e+02 1.618855711248945797e-02
2.987760000000000105e+02 1.649982395086339176e-02
2.992429999999999950e+02 1.589199723897353686e-02
2.997099999999999795e+02 1.564499506823884001e-02
3.001770000000000209e+02 1.506476409966809801e-02
3.006440000000000055e+02 1.559905859972801970e-02
3.011109999999999900e+02 1.513571019925511081e-02
3.015779999999999745e+02 1.490086767646358126e-02
3.020450000000000159e+02 1.511315517577146994e-02
3.025120000000000005e+02 1.436654051364522414e-02
3.029789999999999850e+02 1.453106095572332529e-02
3.034460000000000264e+02 1.408767268241194713e-02
3.039130000000000109e+02 1.417622940732025938e-02
3.043790000000000191e+02 1.398509755597873196e-02
3.048460000000000036e+02 1.390456124532390807e-02
3.053129999999999882e+02 1.392592811243560658e-02
3.057799999999999727e+02 1.408042753033126801e-02
3.062459999999999809e+02 1.397949347602015814e-02
3.067130000000000223e+02 1.403586289216613749e-02
3.071800000000000068e+02 1.361579673360741385e-02
3.076460000000000150e+02 1.352839387105006855e-02
3.081129999999999995e+02 1.344414807473971567e-02
3.085790000000000077e+02 1.345268978137894103e-02
3.090459999999999923e+02 1.399751475317269345e-02
3.095120000000000005e+02 1.352301988843733829e-02
3.099789999999999850e+02 1.346985457988927187e-02
3.104449999999999932e+02 1.318069555511433046e-02
3.109119999999999777e+02 1.318322662881987392e-02
3.113779999999999859e+02 1.350972491482065573e-02
3.118450000000000273e+02 1.332973423819618607e-02
3.123109999999999786e+02 1.351889681803800092e-02
3.127769999999999868e+02 1.329379058174900638e-02
3.132440000000000282e+02 1.323857710081546846e-02
3.137099999999999795e+02 1.334776842155079545e-02
3.141759999999999877e+02 1.319518832079414651e-02
3.146419999999999959e+02 1.326179800680080990e-02
3.151089999999999804e+02 1.268472882836946605e-02
3.155749999999999886e+02 1.258823073412041436e-02
3.160409999999999968e+02 1.295787837447896253e-02
3.165070000000000050e+02 1.260494755322702845e-02
3.169730000000000132e+02 1.254093123888147532e-02
3.174390000000000214e+02 1.274346783531018351e-02
3.179049999999999727e+02 1.242356836457043402e-02
3.183709999999999809e+02 1.184287532806336911e-02
3.188369999999999891e+02 1.202177964462029965e-02
3.193029999999999973e+02 1.184989007928999132e-02
3.197690000000000055e+02 1.148947760294452905e-02
3.202350000000000136e+02 1.139574702147857534e-02
3.207010000000000218e+02 1.173260769101618778e-02
3.211669999999999732e+02 1.143526759920802070e-02
3.216329999999999814e+02 1.113912258617466566e-02
3.220989999999999895e+02 1.093203574494928595e-02
3.225640000000000214e+02 1.110210821696310662e-02
3.230299999999999727e+02 1.080101390011178365e-02
3.234959999999999809e+02 1.061029099716721824e-02
3.239619999999999891e+02 1.067309343277817249e-02
3.244270000000000209e+02 1.031677987683456664e-02
3.248929999999999723e+02 1.051462264902200926e-02
3.253589999999999804e+02 9.978808636737059382e-03
3.258240000000000123e+02 1.029508704785579015e-02
3.262900000000000205e+02 1.013873691730213071e-02
3.267549999999999955e+02 1.030121680827300427e-02
3.272210000000000036e+02 9.987821245712583118e-03
3.276859999999999786e+02 1.018786127167630243e-02
3.281519999999999868e+02 1.003771793975121243e-02
3.286170000000000186e+02 1.016466838670511581e-02
3.290830000000000268e+02 1.027169436108207184e-02
3.295480000000000018e+02 1.006632387768727210e-02
3.300140000000000100e+02 1.013368931020113342e-02
3.304789999999999850e+02 1.013426573766665340e-02
3.309440000000000168e+02 1.006497194727026638e-02
3.314100000000000250e+02 9.991952992321768284e-03
3.318750000000000000e+02 1.011275344563563987e-02
3.323399999999999750e+02 1.044415943493556820e-02
3.328050000000000068e+02 1.011754046867817218e-02
3.332710000000000150e+02 1.029036745023743059e-02
3.337359999999999900e+02 1.003472655893352002e-02
3.342010000000000218e+02 9.964954533356530642e-03
3.346659999999999968e+02 1.007639143498363296e-02
3.351309999999999718e+02 1.015205296642203957e-02
3.355960000000000036e+02 1.029782254307967312e-02
3.360609999999999786e+02 1.033434072629263629e-02
3.365260000000000105e+02 1.030146369979109862e-02
3.369909999999999854e+02 1.016292449417581165e-02
3.374560000000000173e+02 1.026614899842448816e-02
3.379209999999999923e+02 1.056028245644498494e-02
3.383860000000000241e+02 1.069648824529518746e-02
3.388509999999999991e+02 1.031840289560004634e-02
3.393159999999999741e+02 1.041874126116633902e-02
3.397810000000000059e+02 1.012134596070657540e-02
3.402459999999999809e+02 9.795840865681216050e-03
3.407110000000000127e+02 9.928223319335190145e-03
3.411750000000000114e+02 9.630184065687510953e-03
3.416399999999999864e+02 9.332861616434064839e-03
3.421050000000000182e+02 9.328826691910364205e-03
3.425690000000000168e+02 9.151682804686447209e-03
3.430339999999999918e+02 9.254876476633236773e-03
3.434990000000000236e+02 8.963445266580497700e-03
3.439630000000000223e+02 9.152316452142653797e-03
3.444279999999999973e+02 8.916835932152247443e-03
3.448929999999999723e+02 8.846017159973601496e-03
3.453570000000000277e+02 8.683692655144247680e-03
3.458220000000000027e+02 8.715039193466599457e-03
3.462860000000000014e+02 8.385156127830714276e-03
3.467509999999999764e+02 8.235943045108110733e-03
3.472149999999999750e+02 8.081402680012002987e-03
3.476789999999999736e+02 8.091992552925926507e-03
3.481440000000000055e+02 7.932069371667020002e-03
3.486080000000000041e+02 7.593249697628420142e-03
3.490729999999999791e+02 7.770366552922453388e-03
3.495369999999999777e+02 7.389485197914119445e-03
3.500009999999999764e+02 7.422670395350666403e-03
3.504649999999999750e+02 7.472840904875151062e-03
3.509300000000000068e+02 7.338519382727333278e-03
3.513940000000000055e+02 7.389899665212278611e-03
3.518580000000000041e+02 7.272078277807660085e-03
3.523220000000000027e+02 7.230190350339214291e-03
3.527860000000000014e+02 7.061009651223307086e-03
3.532500000000000000e+02 7.290568342239546473e-03
3.537149999999999750e+02 7.175179971832699663e-03
3.541789999999999736e+02 7.168995302491828515e-03
3.546429999999999723e+02 7.131248449250598281e-03
3.551070000000000277e+02 7.025325077243902046e-03
3.555710000000000264e+02 7.054386258075051944e-03
3.560350000000000250e+02 7.039350750059538558e-03
3.564979999999999905e+02 7.010061994399249298e-03
3.569619999999999891e+02 6.882052307901112206e-03
3.574259999999999877e+02 6.790189010260316328e-03
3.578899999999999864e+02 6.836771872295851170e-03
3.583539999999999850e+02 6.779649534820702921e-03
3.588179999999999836e+02 6.847687254812517312e-03
3.592810000000000059e+02 6.805113379051211213e-03
3.597450000000000045e+02 6.876926305042411688e-03
3.602090000000000032e+02 6.813148494321487163e-03
3.606730000000000018e+02 6.719920419601833200e-03
3.611360000000000241e+02 6.622451105294730953e-03
3.616000000000000227e+02 6.726899315123033296e-03
3.620640000000000214e+02 6.559423209766022250e-03
3.625269999999999868e+02 6.642790874586560271e-03
3.629909999999999854e+02 6.609235822492960655e-03
3.634540000000000077e+02 6.598358446234818542e-03
3.639180000000000064e+02 6.605545386009898517e-03
3.643809999999999718e+02 6.454612455971396254e-03
3.648450000000000273e+02 6.425966522505275128e-03
3.653079999999999927e+02 6.295033306439920540e-03
3.657719999999999914e+02 6.280801763883141556e-03
3.662350000000000136e+02 6.534259282067104643e-03
3.666979999999999791e+02 6.295039141155427294e-03
3.671619999999999777e+02 6.328580494379952223e-03
3.676250000000000000e+02 6.342518423582185066e-03
3.680880000000000223e+02 6.207553086640981918e-03
3.685520000000000209e+02 6.238294615523140400e-03
3.690149999999999864e+02 6.306435463316949035e-03
3.694780000000000086e+02 6.293510576590726976e-03
3.699409999999999741e+02 6.179171594524387849e-03
3.704039999999999964e+02 6.184661292026888933e-03
3.708670000000000186e+02 6.042459424877659122e-03
3.713310000000000173e+02 6.186659276318182479e-03
3.717939999999999827e+02 6.047478872666320511e-03
3.722570000000000050e+02 6.078958566392511642e-03
3.727200000000000273e+02 5.924385776334506991e-03
3.731829999999999927e+02 5.954299518968400075e-03
3.736460000000000150e+02 5.857848285299191091e-03
3.741089999999999804e+02 5.799061369066843379e-03
3.745720000000000027e+02 5.802441927094811706e-03
3.750350000000000250e+02 5.687130081652050015e-03
3.754970000000000141e+02 5.789682016097110612e-03
3.759599999999999795e+02 5.742954366983683660e-03
3.764230000000000018e+02 5.715526224383466955e-03
3.768860000000000241e+02 5.543437065734619154e-03
3.773489999999999895e+02 5.530627678346357150e-03
3.778109999999999786e+02 5.576312110814589211e-03
3.782740000000000009e+02 5.328044683692880618e-03
3.787370000000000232e+02 5.615561812132070611e-03
3.791990000000000123e+02 5.563350519820809553e-03
3.796619999999999777e+02 5.499436019551322274e-03
3.801250000000000000e+02 5.445970544431574106e-03
3.805869999999999891e+02 5.472003990522509090e-03
3.810500000000000114e+02 5.393534641701151593e-03
3.815120000000000005e+02 5.478579954585063687e-03
3.819750000000000227e+02 5.429358895137175768e-03
3.824370000000000118e+02 5.348446061308280257e-03
3.828999999999999773e+02 5.394046509625416951e-03
3.833620000000000232e+02 5.267142660809301206e-03
3.838249999999999886e+02 5.231950466810336015e-03
3.842869999999999777e+02 5.094025910907325552e-03
3.847500000000000000e+02 5.246754943229044524e-03
3.852119999999999891e+02 5.046058036953398641e-03
3.856739999999999782e+02 5.038567915454711041e-03
3.861360000000000241e+02 4.859874861335653981e-03
3.865989999999999895e+02 4.813659835871148852e-03
3.870609999999999786e+02 4.807644106216460780e-03
3.875230000000000246e+02 4.706850649636948672e-03
3.879850000000000136e+02 4.802255368496821664e-03
3.884470000000000027e+02 4.812840654055787482e-03
3.889100000000000250e+02 4.838046893884457265e-03
3.893720000000000141e+02 4.783128211255825539e-03
3.898340000000000032e+02 4.729085627543454760e-03
3.902959999999999923e+02 4.680991750084640898e-03
3.907579999999999814e+02 4.516681246282927900e-03
3.912200000000000273e+02 4.481584354310935887e-03
3.916820000000000164e+02 4.575596301763654346e-03
3.921440000000000055e+02 4.522017890735976868e-03
3.926059999999999945e+02 4.555246161581003560e-03
3.930679999999999836e+02 4.567083066313277345e-03
3.935289999999999964e+02 4.496184471866596435e-03
3.939909999999999854e+02 4.538121604394482374e-03
3.944529999999999745e+02 4.543514542556334294e-03
3.949150000000000205e+02 4.419350956526821132e-03
3.953770000000000095e+02 4.281818939812604211e-03
3.958380000000000223e+02 4.120912510834223892e-03
3.963000000000000114e+02 4.372338319848341308e-03
3.967620000000000005e+02 4.088901491582703183e-03
3.972239999999999895e+02 3.962282089315052012e-03
3.976850000000000023e+02 3.869425036579610556e-03
3.981469999999999914e+02 3.849352632523903375e-03
3.986080000000000041e+02 3.809593293951264378e-03
3.990699999999999932e+02 3.748359926961322090e-03
3.995310000000000059e+02 3.669551495186825635e-03
3.999929999999999950e+02 3.717918043292426679e-03
4.004540000000000077e+02 3.667965442103422041e-03
4.009159999999999968e+02 3.718717376003607879e-03
4.013770000000000095e+02 3.577586622408878564e-03
4.018389999999999986e+02 3.613506903939988670e-03
4.023000000000000114e+02 3.568974128023269000e-03
4.027620000000000005e+02 3.431242304082365770e-03
4.032230000000000132e+02 3.413388203180983595e-03
4.036840000000000259e+02 3.454274283613949399e-03
4.041449999999999818e+02 3.417144960491104184e-03
4.046070000000000277e+02 3.373480727601337135e-03
4.050679999999999836e+02 3.472055301782571088e-03
4.055289999999999964e+02 3.482411206531827157e-03
4.059900000000000091e+02 3.465573165645731077e-03
4.064510000000000218e+02 3.395270157682939768e-03
4.069130000000000109e+02 3.400208441520280022e-03
4.073740000000000236e+02 3.302544058701093604e-03
4.078349999999999795e+02 3.314152797104549363e-03
4.082959999999999923e+02 3.260919907645901724e-03
4.087570000000000050e+02 3.256238902800945387e-03
4.092180000000000177e+02 3.183017541983154761e-03
4.096789999999999736e+02 3.257844454579934650e-03
4.101399999999999864e+02 3.259957271478712299e-03
4.106009999999999991e+02 3.188194910827550632e-03
4.110620000000000118e+02 3.165752815649081238e-03
4.115219999999999914e+02 3.125800197534477250e-03
4.119830000000000041e+02 3.117247920618707209e-03
4.124440000000000168e+02 3.140735840041165936e-03
4.129049999999999727e+02 3.170451172454734866e-03
4.133659999999999854e+02 3.243869106370055478e-03
4.138260000000000218e+02 3.213976755557227359e-03
4.142869999999999777e+02 3.181073635619090321e-03
4.147479999999999905e+02 3.187600253665087702e-03
4.152080000000000268e+02 3.098034950329925374e-03
4.156689999999999827e+02 3.083501732101616519e-03
4.161299999999999955e+02 3.092429067747539187e-03
4.165899999999999750e+02 3.118954630068985438e-03
4.170509999999999877e+02 3.139581878972700843e-03
4.175110000000000241e+02 3.077948274619984360e-03
4.179719999999999800e+02 2.995407859221089087e-03
4.184320000000000164e+02 2.927673279199643867e-03
4.188929999999999723e+02 2.897395903973959148e-03
4.193530000000000086e+02 2.836326219006207391e-03
4.198140000000000214e+02 2.808360995168764866e-03
4.202740000000000009e+02 2.751835630555198118e-03
4.207339999999999804e+02 2.752278803104969609e-03
4.211949999999999932e+02 2.697115081118616527e-03
4.216549999999999727e+02 2.802832931628723712e-03
4.221150000000000091e+02 2.725228101495987508e-03
4.225760000000000218e+02 2.721059872758201277e-03
4.230360000000000014e+02 2.657591930403750517e-03
4.234959999999999809e+02 2.603033265342485653e-03
4.239560000000000173e+02 2.557127813842593328e-03
4.244159999999999968e+02 2.490305971900857920e-03
4.248759999999999764e+02 2.423038000239519530e-03
4.253360000000000127e+02 2.477864919661563678e-03
4.257970000000000255e+02 2.373716716119309792e-03
4.262570000000000050e+02 2.235019294300698810e-03
4.267169999999999845e+02 2.157924532674004164e-03
4.271770000000000209e+02 2.160755402678350614e-03
4.276370000000000005e+02 2.029911332012801061e-03
4.280969999999999800e+02 1.940702476083106627e-03
4.285559999999999832e+02 1.951379420205437984e-03
4.290160000000000196e+02 1.834191961570246160e-03
4.294759999999999991e+02 1.688427068051963093e-03
4.299359999999999786e+02 1.624273754293776391e-03
4.303960000000000150e+02 1.647933492656046247e-03
4.308559999999999945e+02 1.588930640931441717e-03
4.313149999999999977e+02 1.464850254488284358e-03
4.317749999999999773e+02 1.461819910891286279e-03
4.322350000000000136e+02 1.405436448075042706e-03
4.326940000000000168e+02 1.272691127071999898e-03
4.331539999999999964e+02 1.215315224777916781e-03
4.336139999999999759e+02 1.244045665217777827e-03
4.340729999999999791e+02 1.116258015617929873e-03
4.345330000000000155e+02 1.051667169781217567e-03
4.349929999999999950e+02 9.930907425982668079e-04
4.354519999999999982e+02 1.015194081630797253e-03
4.359119999999999777e+02 9.674759193161843514e-04
4.363709999999999809e+02 9.088206593294080897e-04
4.368299999999999841e+02 8.860892206552947693e-04
4.372900000000000205e+02 8.418237701505497860e-04
4.377490000000000236e+02 7.846316792873536238e-04
4.382090000000000032e+02 7.393521756068271262e-04
4.386680000000000064e+02 7.445316556694419078e-04
4.391270000000000095e+02 7.053194572452098354e-04
4.395869999999999891e+02 6.657955929700816239e-04
4.400459999999999923e+02 6.372466079784587598e-04
4.405049999999999955e+02 6.003363054673977210e-04
4.409639999999999986e+02 5.938641151983214137e-04
4.414239999999999782e+02 5.756313328006162260e-04
4.418829999999999814e+02 5.557236253637673267e-04
4.423419999999999845e+02 5.334877815489583869e-04
4.428009999999999877e+02 5.189513076750570074e-04
4.432599999999999909e+02 4.901050811242038284e-04
4.437189999999999941e+02 4.851337674489659816e-04
4.441779999999999973e+02 4.824619708680706717e-04
4.446370000000000005e+02 4.761324662181156417e-04
4.450960000000000036e+02 4.671582508918391665e-04
4.455550000000000068e+02 4.381306535740988207e-04
4.460140000000000100e+02 4.163199596268898428e-04
4.464730000000000132e+02 3.909865540970227271e-04
4.469320000000000164e+02 4.058933811146626675e-04
4.473910000000000196e+02 3.884928354554800182e-04
4.478489999999999895e+02 3.711815306206539653e-04
4.483079999999999927e+02 3.629869785927571590e-04
4.487669999999999959e+02 3.585621205472684430e-04
4.492259999999999991e+02 3.647460177943935566e-04
4.496850000000000023e+02 3.700492877969220433e-04
4.501429999999999723e+02 3.752778150436140124e-04
4.506019999999999754e+02 3.785053793608728024e-04
4.510609999999999786e+02 3.913299080322771837e-04
4.515190000000000055e+02 3.936227801134931114e-04
4.519780000000000086e+02 3.950232893076744312e-04
4.524359999999999786e+02 4.067237750747822980e-04
4.528949999999999818e+02 4.113994641945212098e-04
4.533530000000000086e+02 4.149040048397642879e-04
4.538120000000000118e+02 4.207082896913945684e-04
4.542699999999999818e+02 4.123212877694630964e-04
4.547289999999999850e+02 4.080716168264205378e-04
4.551870000000000118e+02 4.021795913628976285e-04
4.556460000000000150e+02 3.995991752815144485e-04
4.561039999999999850e+02 3.976783561958331333e-04
4.565620000000000118e+02 3.926638519735909782e-04
4.570210000000000150e+02 3.873948170305555137e-04
4.574789999999999850e+02 3.950143952566916440e-04
4.579370000000000118e+02 3.892446841380860418e-04
4.583949999999999818e+02 3.733565039336135148e-04
4.588539999999999850e+02 3.831511997105354131e-04
4.593120000000000118e+02 3.903059838863543580e-04
4.597699999999999818e+02 3.991179038632302950e-04
4.602280000000000086e+02 4.091439238623299497e-04
4.606859999999999786e+02 3.962284070364359033e-04
4.611440000000000055e+02 3.949254869980402195e-04
4.616019999999999754e+02 4.011784826701585344e-04
4.620600000000000023e+02 4.040192364525401468e-04
4.625179999999999723e+02 4.075906833932369574e-04
4.629759999999999991e+02 4.117550758979833503e-04
4.634340000000000259e+02 4.245968126787296078e-04
4.638919999999999959e+02 4.305477883411893488e-04
4.643500000000000227e+02 4.330561024281142442e-04
4.648079999999999927e+02 4.334043722438913368e-04
4.652660000000000196e+02 4.262906713072826706e-04
4.657239999999999895e+02 4.293768897286516246e-04
4.661809999999999832e+02 4.367813786761248177e-04
4.666390000000000100e+02 4.480993356343393116e-04
4.670969999999999800e+02 4.470625438593921696e-04
4.675550000000000068e+02 4.357123091242987413e-04
4.680120000000000005e+02 4.448896766073308882e-04
4.684700000000000273e+02 4.439204428952224415e-04
4.689279999999999973e+02 4.401133317239889413e-04
4.693849999999999909e+02 4.357945324392667572e-04
4.698430000000000177e+02 4.287553223091395121e-04
4.703000000000000114e+02 4.323946474935090665e-04
4.707579999999999814e+02 4.207355584705824852e-04
4.712149999999999750e+02 4.227122408385907706e-04
4.716730000000000018e+02 4.183726463519209585e-04
4.721299999999999955e+02 4.113916534049072123e-04
4.725880000000000223e+02 4.140452998291090612e-04
4.730450000000000159e+02 4.175278069390917749e-04
4.735029999999999859e+02 4.131855207034140841e-04
4.739599999999999795e+02 4.084261030102700552e-04
4.744169999999999732e+02 4.086067885464016755e-04
4.748750000000000000e+02 3.993751824186277740e-04
4.753319999999999936e+02 3.928563833180919156e-04
4.757889999999999873e+02 4.176062630302514417e-04
4.762459999999999809e+02 4.065360559996686459e-04
4.767040000000000077e+02 3.971794793974526162e-04
4.771610000000000014e+02 3.939710191466303120e-04
4.776179999999999950e+02 3.887051741549672344e-04
4.780749999999999886e+02 3.829048492178052264e-04
4.785319999999999823e+02 3.669090297377619017e-04
4.789889999999999759e+02 3.634276616031177653e-04
4.794460000000000264e+02 3.616699830495983853e-04
4.799030000000000200e+02 3.571623514855988796e-04
4.803600000000000136e+02 3.397898599643419336e-04
4.808170000000000073e+02 3.404823644705005166e-04
4.812740000000000009e+02 3.316802825111728713e-04
4.817309999999999945e+02 3.276663578624068119e-04
4.821879999999999882e+02 3.250888073728750056e-04
4.826449999999999818e+02 3.155136942265655158e-04
4.831019999999999754e+02 3.137110757748887428e-04
4.835579999999999927e+02 3.098242540464183899e-04
4.840149999999999864e+02 3.031964598762810332e-04
4.844719999999999800e+02 2.968238487302199348e-04
4.849289999999999736e+02 2.925222781867493275e-04
4.853849999999999909e+02 2.889696898323299078e-04
4.858419999999999845e+02 2.861995815625068668e-04
4.862989999999999782e+02 2.799546482026854933e-04
4.867549999999999955e+02 2.787916660749030452e-04
4.872119999999999891e+02 2.782976068957695288e-04
4.876680000000000064e+02 2.745896193093994410e-04
4.881250000000000000e+02 2.731947643469003211e-04
4.885819999999999936e+02 2.758630381472346638e-04
4.890380000000000109e+02 2.707082129534500508e-04
4.894940000000000282e+02 2.700657623201166424e-04
4.899510000000000218e+02 2.686428268396490833e-04
4.904069999999999823e+02 2.646586940987717576e-04
4.908639999999999759e+02 2.628992364476935421e-04
4.913199999999999932e+02 2.591369574765982581e-04
4.917760000000000105e+02 2.541538286066715216e-04
4.922330000000000041e+02 2.504901125634770081e-04
4.926890000000000214e+02 2.441637231481949034e-04
4.931449999999999818e+02 2.396255619622919780e-04
4.936019999999999754e+02 2.372128478489106992e-04
4.940579999999999927e+02 2.296541351189536849e-04
4.945140000000000100e+02 2.262680474018002679e-04
4.949700000000000273e+02 2.236705117569965393e-04
4.954259999999999877e+02 2.181121963770310795e-04
4.958820000000000050e+02 2.144605360118248538e-04
4.963380000000000223e+02 2.117788638401479635e-04
4.967939999999999827e+02 2.047733697647040438e-04
4.972509999999999764e+02 2.019998055127755288e-04
4.977069999999999936e+02 1.961908861468318610e-04
4.981630000000000109e+02 1.926449191871051545e-04
4.986179999999999950e+02 1.878907671572138856e-04
4.990740000000000123e+02 1.843154312599009183e-04
4.995299999999999727e+02 1.796055800855712653e-04
4.999859999999999900e+02 1.746335001607475013e-04
5.004420000000000073e+02 1.710880768173139428e-04
5.008980000000000246e+02 1.688466190799005730e-04
5.013539999999999850e+02 1.651799066332037321e-04
5.018090000000000259e+02 1.661630431938884765e-04
5.022649999999999864e+02 1.678759284222768576e-04
5.027210000000000036e+02 1.670183359636303211e-04
5.031770000000000209e+02 1.620157177386345032e-04
5.036320000000000050e+02 1.568332746649672780e-04
5.040880000000000223e+02 1.536599494022363257e-04
5.045430000000000064e+02 1.515847647302060168e-04
5.049990000000000236e+02 1.509358743105115939e-04
5.054549999999999841e+02 1.516245724377449620e-04
5.059100000000000250e+02 1.527730002910591782e-04
5.063659999999999854e+02 1.510493992687887905e-04
5.068210000000000264e+02 1.498147991982199854e-04
5.072769999999999868e+02 1.515350344800435543e-04
5.077320000000000277e+02 1.512076314187132042e-04
5.081870000000000118e+02 1.531072247782447738e-04
5.086429999999999723e+02 1.522543131580161705e-04
5.090980000000000132e+02 1.532189581508903303e-04
5.095529999999999973e+02 1.529044901418148423e-04
5.100090000000000146e+02 1.538005620596422617e-04
5.104639999999999986e+02 1.532952335437450680e-04
5.109189999999999827e+02 1.532138758234540964e-04
5.113750000000000000e+02 1.535245160604126809e-04
5.118299999999999841e+02 1.553994495919040102e-04
5.122849999999999682e+02 1.563250912093788270e-04
5.127400000000000091e+02 1.543865982138081967e-04
5.131950000000000500e+02 1.568772628161149631e-04
5.136499999999999773e+02 1.571387747326021260e-04
5.141050000000000182e+02 1.569785620097605887e-04
5.145599999999999454e+02 1.569668766067112118e-04
5.150149999999999864e+02 1.529852341153154177e-04
5.154700000000000273e+02 1.491371469151807371e-04
5.159249999999999545e+02 1.455885194674839099e-04
5.163799999999999955e+02 1.429337697793242763e-04
5.168350000000000364e+02 1.433131998455513503e-04
5.172899999999999636e+02 1.456021631921093954e-04
5.177450000000000045e+02 1.453832003189547159e-04
5.182000000000000455e+02 1.459497795129624065e-04
5.186549999999999727e+02 1.464227344454463562e-04
5.191090000000000373e+02 1.475610015831659092e-04
5.195639999999999645e+02 1.472277888198560245e-04
5.200190000000000055e+02 1.419813621279748860e-04
5.204740000000000464e+02 1.393118105192249598e-04
5.209279999999999973e+02 1.341170610922807333e-04
5.213830000000000382e+02 1.324923624159148560e-04
5.218379999999999654e+02 1.331128595308086787e-04
5.222920000000000300e+02 1.335458501395093229e-04
5.227469999999999573e+02 1.339670937660887519e-04
5.232010000000000218e+02 1.336908069931689062e-04
5.236559999999999491e+02 1.333434378428315851e-04
5.241100000000000136e+02 1.346898306443969720e-04
5.245650000000000546e+02 1.342884348401258878e-04
5.250190000000000055e+02 1.349259094261905903e-04
5.254740000000000464e+02 1.353013980534175092e-04
5.259279999999999973e+02 1.356092691412758846e-04
5.263819999999999482e+02 1.363146710739898985e-04
5.268369999999999891e+02 1.350689418198300937e-04
5.272910000000000537e+02 1.342981965151526010e-04
5.277450000000000045e+02 1.356540765977443412e-04
5.282000000000000455e+02 1.360636903271420363e-04
5.286539999999999964e+02 1.361740079014092642e-04
5.291079999999999472e+02 1.360887468049529767e-04
5.295620000000000118e+02 1.364505860543438985e-04
5.300159999999999627e+02 1.351776516038398382e-04
5.304700000000000273e+02 1.358885529983744930e-04
5.309249999999999545e+02 1.359135450077980178e-04
5.313790000000000191e+02 1.354849591528431744e-04
5.318329999999999700e+02 1.346800119553569566e-04
5.322870000000000346e+02 1.351776516038398382e-04
5.327409999999999854e+02 1.364858675255980352e-04
5.331950000000000500e+02 1.355644912754435760e-04
5.336490000000000009e+02 1.351331582758544812e-04
5.341029999999999518e+02 1.357088814943769857e-04
5.345560000000000400e+02 1.367535918636239036e-04
5.350099999999999909e+02 1.356291799114647801e-04
5.354640000000000555e+02 1.361940848642113520e-04
5.359180000000000064e+02 1.365161233115597128e-04
5.363719999999999573e+02 1.343274900572209620e-04
5.368260000000000218e+02 1.351479861304150500e-04
5.372789999999999964e+02 1.375323824554090010e-04
5.377329999999999472e+02 1.360336347303625658e-04
5.381870000000000118e+02 1.359335452351521673e-04
5.386399999999999864e+02 1.365817235541558390e-04
5.390940000000000509e+02 1.364606646132937389e-04
5.395480000000000018e+02 1.342884348401258878e-04
5.400009999999999764e+02 1.343376613569362819e-04
5.404550000000000409e+02 1.286807605638279220e-04
5.409080000000000155e+02 1.256202808648667713e-04
5.413619999999999663e+02 1.204967397357692823e-04
5.418150000000000546e+02 1.201171076781322141e-04
5.422690000000000055e+02 1.199833737855069744e-04
5.427219999999999800e+02 1.210888634201517580e-04
5.431749999999999545e+02 1.196459102785199844e-04
5.436290000000000191e+02 1.208986814452496820e-04
5.440819999999999936e+02 1.219751446874976298e-04
5.445359999999999445e+02 1.209484332445455261e-04
5.449890000000000327e+02 1.219429399073641032e-04
5.454420000000000073e+02 1.213843750938635641e-04
5.458949999999999818e+02 1.221872000120939920e-04
5.463490000000000464e+02 1.226740126885833093e-04
5.468020000000000209e+02 1.226460903476426611e-04
5.472549999999999955e+02 1.233244581429236231e-04
5.477079999999999700e+02 1.234893278941498029e-04
5.481609999999999445e+02 1.235034801011559470e-04
5.486140000000000327e+02 1.238393650599086716e-04
5.490670000000000073e+02 1.244351728544266242e-04
5.495199999999999818e+02 1.231084405248768048e-04
5.499729999999999563e+02 1.237587756570737165e-04
5.504260000000000446e+02 1.238014275648684009e-04
5.508790000000000191e+02 1.242821007634526765e-04
5.513319999999999936e+02 1.238061684805501900e-04
5.517849999999999682e+02 1.237398286855944448e-04
5.522380000000000564e+02 1.246030277803471817e-04
5.526910000000000309e+02 1.241770819730059661e-04
5.531440000000000055e+02 1.239343105986261064e-04
5.535960000000000036e+02 1.238678334431656089e-04
5.540489999999999782e+02 1.233715188472604793e-04
5.545019999999999527e+02 1.239153098457670130e-04
5.549550000000000409e+02 1.239580697355203314e-04
5.554070000000000391e+02 1.233009412518496981e-04
5.558600000000000136e+02 1.228464817953141166e-04
5.563129999999999882e+02 1.228651561561789674e-04
5.567649999999999864e+02 1.226042306612967921e-04
5.572179999999999609e+02 1.233244581429236231e-04
5.576699999999999591e+02 1.215578048156893413e-04
5.581230000000000473e+02 1.219567398734033842e-04
5.585760000000000218e+02 1.227811662122029119e-04
5.590280000000000200e+02 1.222796281307442624e-04
5.594800000000000182e+02 1.223120110167824474e-04
5.599329999999999927e+02 1.216035266151114841e-04
5.603849999999999909e+02 1.215349568067846054e-04
5.608379999999999654e+02 1.211206186030480643e-04
5.612899999999999636e+02 1.213570366811309080e-04
5.617419999999999618e+02 1.202421952289920218e-04
5.621950000000000500e+02 1.216035266151114841e-04
5.626470000000000482e+02 1.207541813889905549e-04
5.630990000000000464e+02 1.204751932149325121e-04
5.635510000000000446e+02 1.207677135941188717e-04
5.640040000000000191e+02 1.199789211174776574e-04
5.644560000000000173e+02 1.199789211174776574e-04
5.649080000000000155e+02 1.205380778035449282e-04
5.653600000000000136e+02 1.195176411439387087e-04
5.658120000000000118e+02 1.198588238783393880e-04
5.662640000000000100e+02 1.190905943110574116e-04
5.667160000000000082e+02 1.199166184477974987e-04
5.671680000000000064e+02 1.195485774717675899e-04
5.676200000000000045e+02 1.192839274777334114e-04
5.680720000000000027e+02 1.196857739408567993e-04
5.685240000000000009e+02 1.197389668301210335e-04
5.689759999999999991e+02 1.195176411439387087e-04
5.694279999999999973e+02 1.198410521399393590e-04
5.698799999999999955e+02 1.197434017052230627e-04
5.703319999999999936e+02 1.189416292023221737e-04
5.707839999999999918e+02 1.195706846558967776e-04
5.712350000000000136e+02 1.203361819968436425e-04
5.716870000000000118e+02 1.195706846558967776e-04
5.721390000000000100e+02 1.230351895474320208e-04
5.725900000000000318e+02 1.278401162584059741e-04
5.730420000000000300e+02 1.326628872655905597e-04
5.734940000000000282e+02 1.373691158180132259e-04
5.739450000000000500e+02 1.381700969247337692e-04
5.743970000000000482e+02 1.415849854774805356e-04
5.748490000000000464e+02 1.399017091104598866e-04
5.752999999999999545e+02 1.386366706187810527e-04
5.757519999999999527e+02 1.397535496266934978e-04
5.762029999999999745e+02 1.415578644109354088e-04
5.766549999999999727e+02 1.394792272209094300e-04
5.771059999999999945e+02 1.407275940342164256e-04
5.775570000000000164e+02 1.406204807355650090e-04
5.780090000000000146e+02 1.413845353250887688e-04
5.784600000000000364e+02 1.399653022417176077e-04
5.789120000000000346e+02 1.419276034784746287e-04
5.793630000000000564e+02 1.414982346228373187e-04
5.798139999999999645e+02 1.422335478705385873e-04
5.802649999999999864e+02 1.429157126059781013e-04
5.807169999999999845e+02 1.422007050384076611e-04
5.811680000000000064e+02 1.422061777904354231e-04
5.816190000000000282e+02 1.414278277910466057e-04
5.820700000000000500e+02 1.420203402338435120e-04
5.825209999999999582e+02 1.429765433340814292e-04
5.829719999999999800e+02 1.432259364921855554e-04
5.834230000000000018e+02 1.418785565632751347e-04
5.838750000000000000e+02 1.426233431374819766e-04
5.843260000000000218e+02 1.429876090304704967e-04
5.847770000000000437e+02 1.423321674550469046e-04
5.852269999999999754e+02 1.426894351892614063e-04
5.856779999999999973e+02 1.455569171543728477e-04
5.861290000000000191e+02 1.504322200208199080e-04
5.865800000000000409e+02 1.555745602054765830e-04
5.870309999999999491e+02 1.593954785896723153e-04
5.874819999999999709e+02 1.599436715094804367e-04
5.879329999999999927e+02 1.607539231382011863e-04
5.883840000000000146e+02 1.612465283703899287e-04
5.888339999999999463e+02 1.614343854852740316e-04
5.892849999999999682e+02 1.596917568782316925e-04
5.897359999999999900e+02 1.602396077463920387e-04
5.901860000000000355e+02 1.608285552898937776e-04
5.906369999999999436e+02 1.594956912758888025e-04
5.910879999999999654e+02 1.603199456987049415e-04
5.915380000000000109e+02 1.586495893505938449e-04
5.919890000000000327e+02 1.590684717641026389e-04
5.924389999999999645e+02 1.594589825619308423e-04
5.928899999999999864e+02 1.584017314829633293e-04
5.933400000000000318e+02 1.585044077723210217e-04
5.937910000000000537e+02 1.582570029770742615e-04
5.942409999999999854e+02 1.630823047796423552e-04
5.946920000000000073e+02 1.665731769666160226e-04
5.951420000000000528e+02 1.730880934604271215e-04
5.955929999999999609e+02 1.764566556134533300e-04
5.960430000000000064e+02 1.754046192288120692e-04
5.964930000000000518e+02 1.744308998353499179e-04
5.969429999999999836e+02 1.771673174436355527e-04
5.973940000000000055e+02 1.746947852528705992e-04
5.978440000000000509e+02 1.759391164572969416e-04
5.982939999999999827e+02 1.760531170434968188e-04
5.987440000000000282e+02 1.751917285533312405e-04
5.991950000000000500e+02 1.745825364548292652e-04
5.996449999999999818e+02 1.737811989736412423e-04
6.000950000000000273e+02 1.747608814092862833e-04
6.005449999999999591e+02 1.736440053533029582e-04
6.009950000000000045e+02 1.752116650987770648e-04
6.014450000000000500e+02 1.743189897876772955e-04
6.018949999999999818e+02 1.729483214390019330e-04
6.023450000000000273e+02 1.736113721274628523e-04
6.027949999999999591e+02 1.730131023994846081e-04
6.032450000000000045e+02 1.724382522474091225e-04
6.036950000000000500e+02 1.735396221878240551e-04
6.041449999999999818e+02 1.730195831647712791e-04
6.045940000000000509e+02 1.745165751074907311e-04
6.050439999999999827e+02 1.737289091825451148e-04
6.054940000000000282e+02 1.740365631264035250e-04
6.059439999999999600e+02 1.729677506328545112e-04
6.063930000000000291e+02 1.728965315885219733e-04
6.068429999999999609e+02 1.725026515887124524e-04
6.072930000000000064e+02 1.715162047351691688e-04
6.077430000000000518e+02 1.729871841925891484e-04
6.081920000000000073e+02 1.723224545223918456e-04
6.086420000000000528e+02 1.714843662986255868e-04
6.090910000000000082e+02 1.724892826560589401e-04
6.095410000000000537e+02 1.772800867125151082e-04
6.099900000000000091e+02 1.816044685380859653e-04
6.104400000000000546e+02 1.877717786733547876e-04
6.108890000000000100e+02 1.886855513138545001e-04
6.113390000000000555e+02 1.880083181007496593e-04
6.117880000000000109e+02 1.902540215079531586e-04
6.122380000000000564e+02 1.894382843550299446e-04
6.126870000000000118e+02 1.897637383568499369e-04
6.131359999999999673e+02 1.904037413716863853e-04
6.135860000000000127e+02 1.902611456858912479e-04
6.140349999999999682e+02 1.911055612809075014e-04
6.144840000000000373e+02 1.902896477338267061e-04
6.149329999999999927e+02 1.901258774752660318e-04
6.153830000000000382e+02 1.895655028839624641e-04
6.158319999999999936e+02 1.912854260157214746e-04
6.162809999999999491e+02 1.906251875862896941e-04
6.167300000000000182e+02 1.908543181681591496e-04
6.171789999999999736e+02 1.900689799643877917e-04
6.176280000000000427e+02 1.926438160374754590e-04
6.180769999999999982e+02 1.966860415064283741e-04
6.185259999999999536e+02 2.021739641190201781e-04
6.189750000000000227e+02 2.071375326218509265e-04
6.194239999999999782e+02 2.118770402195601222e-04
6.198730000000000473e+02 2.087570238471852201e-04
6.203220000000000027e+02 2.090404428957173789e-04
6.207709999999999582e+02 2.082081254883106161e-04
6.212200000000000273e+02 2.091035294472695346e-04
6.216689999999999827e+02 2.102137406896133231e-04
6.221180000000000518e+02 2.094986847277235150e-04
6.225670000000000073e+02 2.090404428957173789e-04
6.230149999999999864e+02 2.111747763673214320e-04
6.234640000000000555e+02 2.098635489391346737e-04
6.239130000000000109e+02 2.103333915168441120e-04
6.243609999999999900e+02 2.092693129563490866e-04
6.248099999999999454e+02 2.092061263464601521e-04
6.252590000000000146e+02 2.081846657702795210e-04
6.257069999999999936e+02 2.110461308843910515e-04
6.261559999999999491e+02 2.106371174293379645e-04
6.266040000000000418e+02 2.092298168531352750e-04
6.270529999999999973e+02 2.107973257680050548e-04
6.275009999999999764e+02 2.118203634918451182e-04
6.279500000000000455e+02 2.147412351626804352e-04
6.283980000000000246e+02 2.161055663468821708e-04
6.288469999999999800e+02 2.253115769155337219e-04
6.292949999999999591e+02 2.283016673857013446e-04
6.297440000000000282e+02 2.294927846398435000e-04
6.301920000000000073e+02 2.317960040762128522e-04
6.306399999999999864e+02 2.290813095592330760e-04
6.310890000000000555e+02 2.299233461217426366e-04
6.315370000000000346e+02 2.300642877393550053e-04
6.319850000000000136e+02 2.335630717530649153e-04
6.324329999999999927e+02 2.309047003814445828e-04
6.328809999999999718e+02 2.334631862962358408e-04
6.333300000000000409e+02 2.309491027406216886e-04
6.337780000000000200e+02 2.318139003412547682e-04
6.342259999999999991e+02 2.335085781835716050e-04
6.346739999999999782e+02 2.334087393207242417e-04
6.351219999999999573e+02 2.328566332149338374e-04
6.355700000000000500e+02 2.339908196108076094e-04
6.360180000000000291e+02 2.341824478207968449e-04
6.364660000000000082e+02 2.358472040029221061e-04
6.369139999999999873e+02 2.359398697124716424e-04
6.373619999999999663e+02 2.343926867920404086e-04
6.378099999999999454e+02 2.345574851375315580e-04
6.382580000000000382e+02 2.349613027929288889e-04
6.387050000000000409e+02 2.375827880073114651e-04
6.391530000000000200e+02 2.340911571626826538e-04
6.396009999999999991e+02 2.380914620124180501e-04
6.400489999999999782e+02 2.376297961251108205e-04
6.404969999999999573e+02 2.358194184822732891e-04
6.409439999999999600e+02 2.386497313451817464e-04
6.413920000000000528e+02 2.378462732796248673e-04
6.418400000000000318e+02 2.359027946918924976e-04
6.422870000000000346e+02 2.380537077707390225e-04
6.427350000000000136e+02 2.384601944215007532e-04
6.431820000000000164e+02 2.431394466008164590e-04
6.436299999999999955e+02 2.466284128359111111e-04
6.440779999999999745e+02 2.519383109872998217e-04
6.445249999999999773e+02 2.587516229567314368e-04
6.449729999999999563e+02 2.574401681501887074e-04
6.454199999999999591e+02 2.570411059087259701e-04
6.458669999999999618e+02 2.550239762761057484e-04
6.463150000000000546e+02 2.594021756570291724e-04
6.467619999999999436e+02 2.578507519816270930e-04
6.472100000000000364e+02 2.613837535466869777e-04
6.476570000000000391e+02 2.567757510303588821e-04
6.481040000000000418e+02 2.566636503627502727e-04
6.485510000000000446e+02 2.609934459044974619e-04
6.489990000000000236e+02 2.590177591579420255e-04
6.494460000000000264e+02 2.588415171066745890e-04
6.498930000000000291e+02 2.614894425709826859e-04
6.503400000000000318e+02 2.610461220502635800e-04
6.507870000000000346e+02 2.585000839415767205e-04
6.512340000000000373e+02 2.603944369730304604e-04
6.516820000000000164e+02 2.624653236929546307e-04
6.521290000000000191e+02 2.708809159127062828e-04
6.525760000000000218e+02 2.767844609256895684e-04
6.530230000000000246e+02 2.781056062686159932e-04
6.534700000000000273e+02 2.804699328782984144e-04
6.539170000000000300e+02 2.787882690017061925e-04
6.543630000000000564e+02 2.787097604737422238e-04
6.548099999999999454e+02 2.784073556123515159e-04
6.552569999999999482e+02 2.797112449734338781e-04
6.557039999999999509e+02 2.815642094824713439e-04
6.561509999999999536e+02 2.823099867972812143e-04
6.565979999999999563e+02 2.815184441717392353e-04
6.570439999999999827e+02 2.851333887576448594e-04
6.574909999999999854e+02 2.841277262399829313e-04
6.579379999999999882e+02 2.843492965145868480e-04
6.583849999999999909e+02 2.856035683956236414e-04
6.588310000000000173e+02 2.831985741965548000e-04
6.592780000000000200e+02 2.856624499018653863e-04
6.597240000000000464e+02 2.858628287546316612e-04
6.601710000000000491e+02 2.893214252540484365e-04
6.606180000000000518e+02 2.994722619436869645e-04
6.610639999999999645e+02 3.013110174786090166e-04
6.615109999999999673e+02 3.045578573371693614e-04
6.619569999999999936e+02 3.060590496388097370e-04
6.624039999999999964e+02 3.069617886786809202e-04
6.628500000000000227e+02 3.065033972970955208e-04
6.632960000000000491e+02 3.079725246328004172e-04
6.637430000000000518e+02 3.104178394683112228e-04
6.641889999999999645e+02 3.080495614181369868e-04
6.646349999999999909e+02 3.076775735569676150e-04
6.650819999999999936e+02 3.099880854491450207e-04
6.655280000000000200e+02 3.096892629320100224e-04
6.659740000000000464e+02 3.113333951309125362e-04
6.664199999999999591e+02 3.105874638509650973e-04
6.668669999999999618e+02 3.129685633688276654e-04
6.673129999999999882e+02 3.125317226677494877e-04
6.677590000000000146e+02 3.129155479515868094e-04
6.682050000000000409e+02 3.157098665208251547e-04
6.686509999999999536e+02 3.197208590604783064e-04
6.690969999999999800e+02 3.253862266247953099e-04
6.695430000000000064e+02 3.312520745861823154e-04
6.699890000000000327e+02 3.354638047713445997e-04
6.704349999999999454e+02 3.375549193083821325e-04
6.708809999999999718e+02 3.404233180434763917e-04
6.713269999999999982e+02 3.414744459520578646e-04
6.717730000000000246e+02 3.390123222257721870e-04
6.722190000000000509e+02 3.422036660942934000e-04
6.726649999999999636e+02 3.404528386968096328e-04
6.731100000000000136e+02 3.410739572745359041e-04
6.735560000000000400e+02 3.429509857875380941e-04
6.740019999999999527e+02 3.443044191288028200e-04
6.744479999999999791e+02 3.424723256889137418e-04
6.748930000000000291e+02 3.447125346819794123e-04
6.753390000000000555e+02 3.454708646451136022e-04
6.757849999999999682e+02 3.478276277553334897e-04
6.762300000000000182e+02 3.495774973955319384e-04
6.766760000000000446e+02 3.520697324054810370e-04
6.771219999999999573e+02 3.540033850074526551e-04
6.775670000000000073e+02 3.643284734211017718e-04
6.780130000000000337e+02 3.732327225470447995e-04
6.784579999999999700e+02 3.747171818239181150e-04
6.789039999999999964e+02 3.772848559655842481e-04
6.793490000000000464e+02 3.800442485966612776e-04
6.797939999999999827e+02 3.800442485966612776e-04
6.802400000000000091e+02 3.812467327604391470e-04
6.806849999999999454e+02 3.846153846153846693e-04
6.811309999999999718e+02 3.853819982014888759e-04
6.815760000000000218e+02 3.872488285653068901e-04
6.820209999999999582e+02 3.892978217302541909e-04
6.824660000000000082e+02 3.919960017727988459e-04
6.829120000000000346e+02 3.943386740279081855e-04
6.833569999999999709e+02 3.912028759104854724e-04
6.838020000000000209e+02 3.945445226931911745e-04
6.842469999999999573e+02 3.979056589325369450e-04
6.846920000000000073e+02 4.006283610570344090e-04
6.851369999999999436e+02 4.012277162739969687e-04
6.855829999999999700e+02 4.029779850131353486e-04
6.860280000000000200e+02 4.036431782652179874e-04
6.864729999999999563e+02 4.053158089740840149e-04
6.869180000000000064e+02 4.060284034302904859e-04
6.873630000000000564e+02 4.073014442201798959e-04
6.878070000000000164e+02 4.079809994896557604e-04
6.882519999999999527e+02 4.147378082847793146e-04
6.886970000000000027e+02 4.147378082847793146e-04
6.891420000000000528e+02 4.155254792986945683e-04
6.895869999999999891e+02 4.174658806752563553e-04
6.900320000000000391e+02 4.187273990954602158e-04
6.904769999999999754e+02 4.219546867896082493e-04
6.909210000000000491e+02 4.319591930556938701e-04
6.913659999999999854e+02 4.347659001820255889e-04
6.918110000000000355e+02 4.454593585446708871e-04
6.922549999999999955e+02 4.454279681663147810e-04
6.927000000000000455e+02 4.532495971573772273e-04
6.931449999999999818e+02 4.477002815981716874e-04
6.935890000000000555e+02 4.500651302091346340e-04
6.940339999999999918e+02 4.526184410038474899e-04
6.944779999999999518e+02 4.498344387833557085e-04
6.949230000000000018e+02 4.533900931991486152e-04
6.953669999999999618e+02 4.584587094617185066e-04
6.958120000000000118e+02 4.607936824640071049e-04
6.962559999999999718e+02 4.595630590058859158e-04
6.967010000000000218e+02 4.581954117806760719e-04
6.971449999999999818e+02 4.634141216762793412e-04
6.975900000000000318e+02 4.701595821959191827e-04
6.980339999999999918e+02 4.870485049730032619e-04
6.984779999999999518e+02 4.881257415372962003e-04
6.989220000000000255e+02 4.886434563669639439e-04
6.993669999999999618e+02 4.915817032417359438e-04
6.998110000000000355e+02 4.934460029698633197e-04
7.002549999999999955e+02 4.953510568704623269e-04
7.006989999999999554e+02 4.994755452707159331e-04
7.011430000000000291e+02 5.022726778451968611e-04
7.015879999999999654e+02 4.955104755570335353e-04
7.020320000000000391e+02 5.044944679270836618e-04
7.024759999999999991e+02 5.014547507382316992e-04
7.029199999999999591e+02 5.051841805932276485e-04
7.033640000000000327e+02 5.066804150852328081e-04
7.038079999999999927e+02 5.055435770026377347e-04
7.042519999999999527e+02 5.038890767669935728e-04
7.046960000000000264e+02 5.124137471988640625e-04
7.051399999999999864e+02 5.095309535366014664e-04
7.055839999999999463e+02 5.118175673429587683e-04
7.060270000000000437e+02 5.163374582201503676e-04
7.064710000000000036e+02 5.134390075809785710e-04
7.069149999999999636e+02 5.159337406592424827e-04
7.073590000000000373e+02 5.223699932199646736e-04
7.078029999999999973e+02 5.330900940436246200e-04
7.082459999999999809e+02 5.379156786736050827e-04
7.086900000000000546e+02 5.499149322394167186e-04
7.091340000000000146e+02 5.519391842680261735e-04
7.095769999999999982e+02 5.545265372390294776e-04
7.100209999999999582e+02 5.507796086625708042e-04
7.104650000000000318e+02 5.566267272643803977e-04
7.109080000000000155e+02 5.580036126419458042e-04
7.113519999999999754e+02 5.641371609361187436e-04
7.117949999999999591e+02 5.585820079007682145e-04
7.122390000000000327e+02 5.584855254370004992e-04
7.126820000000000164e+02 5.573623544824574333e-04
7.131259999999999764e+02 5.609400661562304567e-04
7.135689999999999600e+02 5.652548891634227466e-04
7.140119999999999436e+02 5.684681833632218833e-04
7.144560000000000173e+02 5.658154158451649462e-04
7.148990000000000009e+02 5.681352278983682483e-04
7.153419999999999845e+02 5.643340857787810996e-04
7.157859999999999445e+02 5.745356835997015178e-04
7.162290000000000418e+02 5.828503209130242273e-04
7.166720000000000255e+02 5.905359800782758028e-04
7.171150000000000091e+02 6.013287745963904335e-04
7.175579999999999927e+02 6.027140518611658233e-04
7.180019999999999527e+02 6.038242599260817273e-04
7.184450000000000500e+02 6.087435753052105030e-04
7.188880000000000337e+02 6.080151255878516944e-04
7.193310000000000173e+02 6.148577513704514379e-04
7.197740000000000009e+02 6.122645715594008872e-04
7.202169999999999845e+02 6.123014629678724717e-04
7.206599999999999682e+02 6.152299998789155728e-04
7.211029999999999518e+02 6.198836116973904407e-04
7.215460000000000491e+02 6.216279041315438602e-04
7.219890000000000327e+02 6.190151312102531609e-04
7.224320000000000164e+02 6.270749256420699719e-04
7.228740000000000236e+02 6.225037367376442523e-04
7.233170000000000073e+02 6.248001770738545024e-04
7.237599999999999909e+02 6.261090299684542778e-04
7.242029999999999745e+02 6.360785643162763158e-04
7.246449999999999818e+02 6.382204781866985697e-04
7.250879999999999654e+02 6.503052057047794925e-04
7.255309999999999491e+02 6.574955112370127041e-04
7.259740000000000464e+02 6.697177149917420396e-04
7.264160000000000537e+02 6.631958750015605692e-04
7.268590000000000373e+02 6.690429109412193839e-04
7.273010000000000446e+02 6.703515812321749314e-04
7.277440000000000282e+02 6.710714150359412423e-04
7.281870000000000118e+02 6.694645040140143749e-04
7.286290000000000191e+02 6.752084604433597134e-04
7.290710000000000264e+02 6.714955692922243988e-04
7.295140000000000100e+02 6.819261332272103134e-04
7.299560000000000173e+02 6.826271894316152458e-04
7.303990000000000009e+02 6.858884140121631516e-04
7.308410000000000082e+02 6.821012622468765113e-04
7.312830000000000155e+02 6.840336350876288773e-04
7.317259999999999991e+02 6.895387930474966608e-04
7.321680000000000064e+02 6.977355120054641764e-04
7.326100000000000136e+02 6.937714681259551366e-04
7.330529999999999973e+02 6.945425067336105087e-04
7.334950000000000045e+02 6.969116528036524254e-04
7.339370000000000118e+02 7.072105655554372259e-04
7.343790000000000191e+02 7.056111126547444509e-04
7.348210000000000264e+02 7.183519773401527038e-04
7.352630000000000337e+02 7.299454227006610049e-04
7.357050000000000409e+02 7.466699152883150186e-04
7.361480000000000246e+02 7.461933034452119130e-04
7.365900000000000318e+02 7.449396521598881764e-04
7.370320000000000391e+02 7.498275092333293347e-04
7.374740000000000464e+02 7.470481992667674142e-04
7.379160000000000537e+02 7.593297895659798652e-04
7.383569999999999709e+02 7.502334962166844938e-04
7.387989999999999782e+02 7.537022179311095478e-04
7.392409999999999854e+02 7.605280129533324241e-04
7.396829999999999927e+02 7.575654028047347456e-04
7.401250000000000000e+02 7.635664788460743650e-04
7.405670000000000073e+02 7.649364450639689920e-04
7.410080000000000382e+02 7.673507800249291730e-04
7.414500000000000455e+02 7.846829074842840953e-04
7.418920000000000528e+02 7.993126126483897495e-04
7.423339999999999463e+02 8.100314454098430251e-04
7.427749999999999773e+02 8.035266937593943783e-04
7.432169999999999845e+02 8.155582551700757974e-04
7.436580000000000155e+02 8.102361873219473274e-04
7.441000000000000227e+02 8.261784150425001546e-04
7.445420000000000300e+02 8.178109551397368115e-04
7.449829999999999472e+02 8.323121945593727183e-04
7.454249999999999545e+02 8.338147367204876712e-04
7.458659999999999854e+02 8.309346305517975942e-04
7.463070000000000164e+02 8.333333333333332784e-04
7.467490000000000236e+02 8.427605938079319858e-04
7.471900000000000546e+02 8.413482556614497020e-04
7.476319999999999482e+02 8.422688082629437370e-04
7.480729999999999791e+02 8.498940116587175211e-04
7.485140000000000100e+02 8.461572282799858938e-04
7.489560000000000173e+02 8.542323227839673230e-04
7.493970000000000482e+02 8.660293540153152572e-04
7.498379999999999654e+02 8.695064269232996969e-04
7.502789999999999964e+02 8.894719296729343069e-04
7.507200000000000273e+02 8.947661051587603529e-04
7.511620000000000346e+02 9.074079671160007214e-04
7.516029999999999518e+02 9.037205382137805101e-04
7.520439999999999827e+02 9.056970903660799743e-04
7.524850000000000136e+02 9.185827711230438184e-04
7.529260000000000446e+02 9.186530399926562829e-04
7.533669999999999618e+02 9.214726374267211096e-04
7.538079999999999927e+02 9.234566762019009133e-04
7.542490000000000236e+02 9.275937712414261856e-04
7.546900000000000546e+02 9.228180183503158955e-04
7.551309999999999718e+02 9.428140750859673267e-04
7.555720000000000027e+02 9.363450652611225635e-04
7.560130000000000337e+02 9.424441235560020906e-04
7.564529999999999745e+02 9.399361322438245549e-04
7.568940000000000055e+02 9.434807202790611259e-04
7.573350000000000364e+02 9.468281375656370860e-04
7.577759999999999536e+02 9.559479080430491327e-04
7.582160000000000082e+02 9.526113720015230279e-04
7.586570000000000391e+02 9.528381230461622489e-04
7.590979999999999563e+02 9.646248011952383806e-04
7.595380000000000109e+02 9.576249561417499948e-04
7.599790000000000418e+02 9.709293936032756646e-04
7.604199999999999591e+02 9.865584214761517323e-04
7.608600000000000136e+02 1.001870739730559767e-03
7.613010000000000446e+02 1.004478309196642953e-03
7.617409999999999854e+02 1.012552369198791878e-03
7.621820000000000164e+02 1.010092010626579455e-03
7.626219999999999573e+02 1.015189997069454019e-03
7.630629999999999882e+02 1.032247918287615678e-03
7.635030000000000427e+02 1.031138378092340225e-03
7.639429999999999836e+02 1.018756024637704856e-03
7.643840000000000146e+02 1.037745269359428932e-03
7.648239999999999554e+02 1.027146787026207925e-03
7.652640000000000100e+02 1.034731671700242408e-03
7.657050000000000409e+02 1.041558788648170360e-03
7.661449999999999818e+02 1.049535447384366844e-03
7.665850000000000364e+02 1.036193229971584017e-03
7.670249999999999773e+02 1.058353276643413847e-03
7.674650000000000318e+02 1.064496304010106430e-03
7.679059999999999491e+02 1.058802553827345059e-03
7.683460000000000036e+02 1.073912577373405813e-03
7.687859999999999445e+02 1.080289716414165957e-03
7.692259999999999991e+02 1.103758772898853031e-03
7.696660000000000537e+02 1.123394906360651894e-03
7.701059999999999945e+02 1.116704370801457295e-03
7.705460000000000491e+02 1.118539403584030987e-03
7.709859999999999900e+02 1.123885499765368227e-03
7.714260000000000446e+02 1.133241036066033299e-03
7.718659999999999854e+02 1.140234870926787889e-03
7.723060000000000400e+02 1.145790881868277884e-03
7.727450000000000045e+02 1.136327692551004085e-03
7.731849999999999454e+02 1.148436251265384225e-03
7.736250000000000000e+02 1.150070250947053934e-03
7.740650000000000546e+02 1.167090800801342523e-03
7.745049999999999955e+02 1.158933275982579466e-03
7.749439999999999600e+02 1.160701464675473757e-03
7.753840000000000146e+02 1.196347961222526436e-03
7.758239999999999554e+02 1.166248850253394972e-03
7.762630000000000337e+02 1.176968439445233048e-03
7.767029999999999745e+02 1.176433132606836919e-03
7.771420000000000528e+02 1.178469893570491169e-03
7.775819999999999936e+02 1.179867535168865195e-03
7.780209999999999582e+02 1.175470806369519191e-03
7.784610000000000127e+02 1.176112182168709578e-03
7.788999999999999773e+02 1.191498378537735698e-03
7.793400000000000318e+02 1.203584789770506319e-03
7.797789999999999964e+02 1.197566531473970687e-03
7.802190000000000509e+02 1.216349367215966652e-03
7.806580000000000155e+02 1.215499713401705208e-03
7.810969999999999800e+02 1.239727807573463110e-03
7.815370000000000346e+02 1.250536811247829122e-03
7.819759999999999991e+02 1.252758968987317985e-03
7.824149999999999636e+02 1.263393193993812575e-03
7.828550000000000182e+02 1.258526410733412171e-03
7.832939999999999827e+02 1.269018701328230095e-03
7.837329999999999472e+02 1.258762944725317799e-03
7.841720000000000255e+02 1.275665688926136019e-03
7.846109999999999900e+02 1.278954303282601622e-03
7.850499999999999545e+02 1.277978132692197434e-03
7.854890000000000327e+02 1.269018701328230095e-03
7.859279999999999973e+02 1.267817593276165467e-03
7.863669999999999618e+02 1.282505457470031664e-03
7.868060000000000400e+02 1.297910374057152216e-03
7.872450000000000045e+02 1.308198276372072363e-03
7.876839999999999691e+02 1.321392785656758193e-03
7.881230000000000473e+02 1.343316813925582963e-03
7.885620000000000118e+02 1.324203967738236259e-03
7.890009999999999764e+02 1.361679965410164542e-03
7.894400000000000546e+02 1.344113139464954204e-03
7.898790000000000191e+02 1.339824412128712760e-03
7.903170000000000073e+02 1.339953971415862310e-03
7.907559999999999718e+02 1.341900371862410693e-03
7.911950000000000500e+02 1.338530195896603511e-03
7.916340000000000146e+02 1.347118525431637666e-03
7.920720000000000027e+02 1.358609329960585753e-03
7.925109999999999673e+02 1.342290330705000383e-03
7.929500000000000455e+02 1.344765342960288577e-03
7.933880000000000337e+02 1.359142358318457403e-03
7.938269999999999982e+02 1.370297852141924653e-03
7.942649999999999864e+02 1.350795445683537505e-03
7.947039999999999509e+02 1.348429411077809109e-03
7.951420000000000528e+02 1.349382888407422596e-03
7.955810000000000173e+02 1.366999061036198266e-03
7.960190000000000055e+02 1.380277647953626801e-03
7.964579999999999700e+02 1.389670582725108803e-03
7.968959999999999582e+02 1.401295701871134230e-03
7.973339999999999463e+02 1.404456911940679112e-03
7.977730000000000246e+02 1.386640068174775252e-03
7.982110000000000127e+02 1.386908682344736550e-03
7.986490000000000009e+02 1.398421782526319736e-03
7.990869999999999891e+02 1.395423626405753459e-03
7.995259999999999536e+02 1.400062576999041740e-03
7.999640000000000555e+02 1.391896883566304428e-03
8.004020000000000437e+02 1.398968286534966977e-03
8.008400000000000318e+02 1.382089494614107458e-03
8.012780000000000200e+02 1.400473377410899360e-03
8.017160000000000082e+02 1.392709164121617559e-03
8.021539999999999964e+02 1.378762493500491080e-03
8.025919999999999845e+02 1.370580240059727671e-03
8.030299999999999727e+02 1.372287817219964689e-03
8.034679999999999609e+02 1.388118735095100493e-03
8.039059999999999491e+02 1.378769347303754507e-03
8.043440000000000509e+02 1.387664270032361096e-03
8.047820000000000391e+02 1.395729710371841495e-03
8.052200000000000273e+02 1.426544675429960952e-03
8.056580000000000155e+02 1.416428694635567340e-03
8.060960000000000036e+02 1.417243561470458340e-03
8.065330000000000155e+02 1.384325772191732050e-03
8.069710000000000036e+02 1.406856773014543384e-03
8.074089999999999918e+02 1.385883323644682748e-03
8.078469999999999800e+02 1.378901804205459256e-03
8.082839999999999918e+02 1.387574631069054794e-03
8.087219999999999800e+02 1.369079987651050613e-03
8.091599999999999682e+02 1.393347333451706643e-03
8.095969999999999800e+02 1.393520902168838204e-03
8.100349999999999682e+02 1.397180737806048931e-03
8.104719999999999800e+02 1.401511668536329844e-03
8.109099999999999682e+02 1.401125165465509810e-03
8.113469999999999800e+02 1.398297310190451835e-03
8.117849999999999682e+02 1.397143747593818010e-03
8.122219999999999800e+02 1.396631663826122067e-03
8.126599999999999682e+02 1.378194115413132730e-03
8.130969999999999800e+02 1.382694994284884961e-03
8.135349999999999682e+02 1.365476958360209350e-03
8.139719999999999800e+02 1.359145384505635636e-03
8.144089999999999918e+02 1.348443831059681309e-03
8.148460000000000036e+02 1.347013804196051535e-03
8.152839999999999918e+02 1.350953697794795476e-03
8.157210000000000036e+02 1.331365081583452820e-03
8.161580000000000155e+02 1.336970632609382238e-03
8.165950000000000273e+02 1.333111760281281179e-03
8.170320000000000391e+02 1.339673387592947313e-03
8.174700000000000273e+02 1.312110464515684610e-03
8.179070000000000391e+02 1.312110464515684610e-03
8.183440000000000509e+02 1.311094672011285656e-03
8.187809999999999491e+02 1.321382066328978836e-03
8.192179999999999609e+02 1.310592760061795800e-03
8.196549999999999727e+02 1.306607779593512569e-03
8.200919999999999845e+02 1.328869132807386283e-03
8.205289999999999964e+02 1.320174184979067567e-03
8.209660000000000082e+02 1.316080587308504635e-03
8.214030000000000200e+02 1.313878384257554906e-03
8.218390000000000555e+02 1.300064572743679170e-03
8.222759999999999536e+02 1.288226801417508916e-03
8.227129999999999654e+02 1.286011431940645459e-03
8.231499999999999773e+02 1.273806820025307580e-03
8.235869999999999891e+02 1.271434817105753174e-03
8.240230000000000246e+02 1.256581368924736351e-03
8.244600000000000364e+02 1.260312670540271723e-03
8.248970000000000482e+02 1.259706089969838847e-03
8.253329999999999700e+02 1.246903385631709235e-03
8.257699999999999818e+02 1.244973117513341202e-03
8.262060000000000173e+02 1.260817934467442676e-03
8.266430000000000291e+02 1.257011242727265740e-03
8.270800000000000409e+02 1.265965051683664048e-03
8.275159999999999627e+02 1.252750999659031075e-03
8.279529999999999745e+02 1.250715645163786010e-03
8.283890000000000100e+02 1.241971666513014185e-03
8.288250000000000455e+02 1.249362412476621824e-03
8.292619999999999436e+02 1.232690782651131665e-03
8.296979999999999791e+02 1.239115771400539634e-03
8.301349999999999909e+02 1.240542075295056508e-03
8.305710000000000264e+02 1.222344881818319311e-03
8.310069999999999482e+02 1.210537350985442994e-03
8.314429999999999836e+02 1.207192675896470897e-03
8.318799999999999955e+02 1.217557654360040299e-03
8.323160000000000309e+02 1.200747235193259672e-03
8.327519999999999527e+02 1.220141844922930340e-03
8.331879999999999882e+02 1.218986516522238637e-03
8.336240000000000236e+02 1.230626072929535747e-03
8.340599999999999454e+02 1.241710479149241370e-03
8.344969999999999573e+02 1.241339664337335084e-03
8.349329999999999927e+02 1.212905955472556993e-03
8.353690000000000282e+02 1.222717378515119540e-03
8.358049999999999500e+02 1.220921694178464523e-03
8.362409999999999854e+02 1.215210781734198629e-03
8.366770000000000209e+02 1.226234199153354923e-03
8.371119999999999663e+02 1.213968634093630415e-03
8.375480000000000018e+02 1.203512022815119483e-03
8.379840000000000373e+02 1.217524384171524013e-03
8.384199999999999591e+02 1.213437062120504423e-03
8.388559999999999945e+02 1.202554533356477466e-03
8.392920000000000300e+02 1.219075200633158110e-03
8.397269999999999754e+02 1.216652932524545571e-03
8.401630000000000109e+02 1.235277998027702702e-03
8.405990000000000464e+02 1.240620085667268205e-03
8.410339999999999918e+02 1.233543134311121392e-03
8.414700000000000273e+02 1.228135734509967379e-03
8.419059999999999491e+02 1.233543134311121392e-03
8.423410000000000082e+02 1.225669492376321550e-03
8.427770000000000437e+02 1.230508790863070728e-03
8.432119999999999891e+02 1.235884862049317591e-03
8.436480000000000246e+02 1.255740347884371031e-03
8.440829999999999700e+02 1.274830438054009533e-03
8.445190000000000055e+02 1.257829632921008594e-03
8.449539999999999509e+02 1.268282460400046345e-03
8.453899999999999864e+02 1.264900471337763316e-03
8.458250000000000455e+02 1.262923879116684611e-03
8.462609999999999673e+02 1.277094491183845652e-03
8.466960000000000264e+02 1.271628914909375381e-03
8.471309999999999718e+02 1.292494181983926561e-03
8.475660000000000309e+02 1.303529820397412217e-03
8.480019999999999527e+02 1.280822502204146578e-03
8.484370000000000118e+02 1.290826490104188913e-03
8.488719999999999573e+02 1.301457945005562956e-03
8.493070000000000164e+02 1.294225177238416194e-03
8.497419999999999618e+02 1.316796369618592963e-03
8.501770000000000209e+02 1.314344480477552335e-03
8.506130000000000564e+02 1.326607135534715008e-03
8.510480000000000018e+02 1.340647539437212279e-03
8.514829999999999472e+02 1.331565216137913172e-03
8.519180000000000064e+02 1.325071359926560275e-03
8.523529999999999518e+02 1.329840067945931101e-03
8.527880000000000109e+02 1.335078756806365148e-03
8.532229999999999563e+02 1.356120840364337518e-03
8.536570000000000391e+02 1.359093014625570089e-03
8.540919999999999845e+02 1.364420775694909433e-03
8.545270000000000437e+02 1.364219774628086567e-03
8.549619999999999891e+02 1.386658617477288732e-03
8.553970000000000482e+02 1.394447475672234938e-03
8.558319999999999936e+02 1.399087710636286608e-03
8.562659999999999627e+02 1.405756354888264151e-03
8.567010000000000218e+02 1.386863401103771839e-03
8.571359999999999673e+02 1.403722034094526941e-03
8.575700000000000500e+02 1.409637853862698255e-03
8.580049999999999955e+02 1.393638113847303324e-03
8.584400000000000546e+02 1.396145486995696485e-03
8.588740000000000236e+02 1.388352154808421756e-03
8.593089999999999691e+02 1.413437859734506920e-03
8.597430000000000518e+02 1.456860714441997676e-03
8.601779999999999973e+02 1.447252770277171474e-03
8.606119999999999663e+02 1.470285290309439894e-03
8.610470000000000255e+02 1.466540378078759173e-03
8.614809999999999945e+02 1.486443116214218423e-03
8.619149999999999636e+02 1.485329316445968681e-03
8.623500000000000227e+02 1.484569018922696779e-03
8.627839999999999918e+02 1.511832834132889993e-03
8.632179999999999609e+02 1.519440248649275372e-03
8.636530000000000200e+02 1.515727566100700521e-03
8.640869999999999891e+02 1.538550467520758075e-03
8.645209999999999582e+02 1.562837936187230900e-03
8.649550000000000409e+02 1.549790479250730355e-03
8.653899999999999864e+02 1.579664594018064059e-03
8.658239999999999554e+02 1.572766133498645696e-03
8.662580000000000382e+02 1.570907564727846376e-03
8.666920000000000073e+02 1.571476140838545289e-03
8.671259999999999764e+02 1.589075790182558181e-03
8.675599999999999454e+02 1.576382938553814398e-03
8.679940000000000282e+02 1.592816744034513841e-03
8.684279999999999973e+02 1.582600904088186022e-03
8.688619999999999663e+02 1.603336614964784084e-03
8.692960000000000491e+02 1.615022705907870164e-03
8.697300000000000182e+02 1.654889429901870278e-03
8.701639999999999873e+02 1.674978406347655754e-03
8.705979999999999563e+02 1.684142506385081887e-03
8.710309999999999491e+02 1.693416387852317859e-03
8.714650000000000318e+02 1.709651811665463322e-03
8.718990000000000009e+02 1.707568859256083840e-03
8.723329999999999700e+02 1.723087618594091198e-03
8.727659999999999627e+02 1.740639597138839232e-03
8.732000000000000455e+02 1.763854437663027377e-03
8.736340000000000146e+02 1.779546364816375365e-03
8.740670000000000073e+02 1.785073837288491663e-03
8.745009999999999764e+02 1.812897447774244712e-03
8.749349999999999454e+02 1.841637224826891831e-03
8.753680000000000518e+02 1.873192702579766370e-03
8.758020000000000209e+02 1.870031288589485505e-03
8.762350000000000136e+02 1.877379185753920475e-03
8.766689999999999827e+02 1.879459795444494334e-03
8.771019999999999754e+02 1.906274486862131242e-03
8.775349999999999682e+02 1.923066524566481583e-03
8.779690000000000509e+02 1.950744440822547434e-03
8.784020000000000437e+02 1.974710373756144270e-03
8.788360000000000127e+02 1.982363799516447412e-03
8.792690000000000055e+02 1.986728004930200017e-03
8.797019999999999982e+02 2.036054748027856486e-03
8.801349999999999909e+02 2.065370672933703085e-03
8.805689999999999600e+02 2.073653905990968833e-03
8.810019999999999527e+02 2.066952232001796185e-03
8.814349999999999454e+02 2.086868143164547895e-03
8.818680000000000518e+02 2.094512612908555269e-03
8.823010000000000446e+02 2.115343548524433338e-03
8.827340000000000373e+02 2.114379652308625950e-03
8.831670000000000300e+02 2.166876810582300372e-03
8.836009999999999991e+02 2.181429644229497360e-03
8.840339999999999918e+02 2.191707286185317835e-03
8.844669999999999845e+02 2.220870609625068097e-03
8.848990000000000009e+02 2.239114827106718133e-03
8.853319999999999936e+02 2.265874121608601847e-03
8.857649999999999864e+02 2.295177959262454867e-03
8.861979999999999791e+02 2.300545856711564731e-03
8.866309999999999718e+02 2.356418305019104473e-03
8.870639999999999645e+02 2.361158692787021680e-03
8.874969999999999573e+02 2.400021556553332512e-03
8.879289999999999736e+02 2.407146106072176415e-03
8.883619999999999663e+02 2.510595756125843809e-03
8.887949999999999591e+02 2.547554680107221026e-03
8.892279999999999518e+02 2.557972687941593385e-03
8.896599999999999682e+02 2.577072276124285893e-03
8.900929999999999609e+02 2.616637115470834066e-03
8.905259999999999536e+02 2.584284617326470385e-03
8.909579999999999700e+02 2.651299319879225729e-03
8.913909999999999627e+02 2.608331250693428013e-03
8.918229999999999791e+02 2.711709059817740252e-03
8.922559999999999718e+02 2.722782509250496787e-03
8.926879999999999882e+02 2.757454859450477695e-03
8.931209999999999809e+02 2.763802914864297265e-03
8.935529999999999973e+02 2.813857671898296019e-03
8.939850000000000136e+02 2.824498728718097523e-03
8.944180000000000064e+02 2.814308849231164297e-03
8.948500000000000227e+02 2.847640216103963524e-03
8.952820000000000391e+02 2.998411993436338706e-03
8.957150000000000318e+02 2.998996288272545892e-03
8.961470000000000482e+02 3.000288202799938995e-03
8.965789999999999509e+02 3.064840548484243365e-03
8.970109999999999673e+02 3.177618854237409217e-03
8.974439999999999600e+02 3.195330640101262491e-03
8.978759999999999764e+02 3.186628687406012263e-03
8.983079999999999927e+02 3.224527560979130372e-03
8.987400000000000091e+02 3.305621033662440363e-03
8.991720000000000255e+02 3.291741874913801068e-03
8.996040000000000418e+02 3.317884609788225667e-03
9.000359999999999445e+02 3.347951784384464117e-03
9.004679999999999609e+02 3.547905833487671311e-03
9.008999999999999773e+02 3.525521978315067188e-03
9.013319999999999936e+02 3.547727987466128049e-03
9.017640000000000100e+02 3.601629540445063990e-03
9.021960000000000264e+02 3.798108559018986610e-03
9.026280000000000427e+02 3.802651560393810557e-03
9.030599999999999454e+02 3.871495242460467907e-03
9.034909999999999854e+02 3.950730681823011632e-03
9.039230000000000018e+02 4.008117430424451566e-03
9.043550000000000182e+02 4.011370482992563692e-03
9.047870000000000346e+02 4.049894397607673412e-03
9.052179999999999609e+02 4.281524542052329331e-03
9.056499999999999773e+02 4.293328212321599439e-03
9.060819999999999936e+02 4.361237402836849394e-03
9.065130000000000337e+02 4.304878416510344273e-03
9.069450000000000500e+02 4.601463757849288613e-03
9.073759999999999764e+02 4.622419326856350152e-03
9.078079999999999927e+02 4.679965825114160496e-03
9.082390000000000327e+02 4.628492438654140465e-03
9.086710000000000491e+02 5.027440955701362874e-03
9.091019999999999754e+02 5.043455848690503798e-03
9.095339999999999918e+02 5.044978543382989955e-03
9.099650000000000318e+02 5.076072317678517222e-03
9.103970000000000482e+02 5.389454532300048777e-03
9.108279999999999745e+02 5.402527957728637566e-03
9.112590000000000146e+02 5.380546203441323623e-03
9.116910000000000309e+02 5.448966825709786535e-03
9.121219999999999573e+02 5.816818682268563336e-03
9.125529999999999973e+02 5.814239277578956908e-03
9.129840000000000373e+02 5.849130422900098748e-03
9.134149999999999636e+02 5.935902687337369157e-03
9.138469999999999800e+02 6.566032684487279648e-03
9.142780000000000200e+02 6.536265946985946561e-03
9.147089999999999463e+02 6.652772764041768594e-03
9.151399999999999864e+02 6.575578327280629139e-03
9.155710000000000264e+02 7.125972600195207285e-03
9.160019999999999527e+02 7.170984077303305289e-03
9.164329999999999927e+02 7.202811958849618564e-03
9.168640000000000327e+02 7.211118666602424170e-03
9.172949999999999591e+02 7.521885648662387548e-03
9.177259999999999991e+02 7.893198788937313623e-03
9.181570000000000391e+02 7.848036168461742026e-03
9.185869999999999891e+02 7.940833763153297073e-03
9.190180000000000291e+02 8.116718155368614004e-03
9.194489999999999554e+02 8.701879905159935757e-03
9.198799999999999955e+02 8.747221170481215419e-03
9.203110000000000355e+02 8.728071252161366880e-03
9.207409999999999854e+02 8.821629589646245995e-03
9.211720000000000255e+02 9.408927471366968984e-03
9.216029999999999518e+02 9.454158833612408969e-03
9.220330000000000155e+02 9.308904258920830746e-03
9.224640000000000555e+02 9.597315638364085910e-03
9.228949999999999818e+02 1.033963605904767401e-02
9.233250000000000455e+02 1.047667502907246272e-02
9.237559999999999718e+02 1.035769961742503791e-02
9.241860000000000355e+02 1.042703437668822571e-02
9.246169999999999618e+02 1.172076605011211289e-02
9.250470000000000255e+02 1.167364022635345756e-02
9.254779999999999518e+02 1.177900169895367173e-02
9.259080000000000155e+02 1.163525051489972158e-02
9.263379999999999654e+02 1.242785151078527710e-02
9.267690000000000055e+02 1.237526659646571298e-02
9.271989999999999554e+02 1.251010971657160950e-02
9.276290000000000191e+02 1.244811592079496897e-02
9.280599999999999454e+02 1.288243888976075419e-02
9.284900000000000091e+02 1.303895973601212899e-02
9.289199999999999591e+02 1.294165986827705561e-02
9.293500000000000227e+02 1.304025006282527946e-02
9.297799999999999727e+02 1.352317098436850960e-02
9.302100000000000364e+02 1.359441561888537556e-02
9.306409999999999627e+02 1.349822328770373427e-02
9.310710000000000264e+02 1.347512860053042341e-02
9.315009999999999764e+02 1.435008617880948953e-02
9.319310000000000400e+02 1.458533791895055484e-02
9.323609999999999900e+02 1.456787519497374644e-02
9.327910000000000537e+02 1.442777753726321929e-02
9.332210000000000036e+02 1.545247805211242068e-02
9.336509999999999536e+02 1.547669468677973295e-02
9.340800000000000409e+02 1.538636953754696050e-02
9.345099999999999909e+02 1.555340705051198001e-02
9.349400000000000546e+02 1.638145348869432874e-02
9.353700000000000045e+02 1.641505322238707293e-02
9.357999999999999545e+02 1.651098153258015802e-02
9.362290000000000418e+02 1.661811711287149509e-02
9.366589999999999918e+02 1.757917573150162213e-02
9.370890000000000555e+02 1.746307693169218619e-02
9.375190000000000055e+02 1.768573908739529479e-02
9.379479999999999791e+02 1.799708669041114734e-02
9.383780000000000427e+02 1.832972889223216661e-02
9.388070000000000164e+02 1.813322806132627862e-02
9.392369999999999663e+02 1.866908525474567787e-02
9.396660000000000537e+02 1.851980795773688210e-02
9.400960000000000036e+02 1.905413282267543612e-02
9.405249999999999773e+02 1.959802728053894674e-02
9.409550000000000409e+02 1.949206865506653008e-02
9.413840000000000146e+02 1.955752329273396928e-02
9.418139999999999645e+02 1.973440969047905030e-02
9.422430000000000518e+02 2.007589248469433124e-02
9.426720000000000255e+02 2.037174444054588168e-02
9.431019999999999754e+02 2.057496334096933430e-02
9.435309999999999491e+02 2.063381088883851563e-02
9.439600000000000364e+02 2.125883918492456684e-02
9.443899999999999864e+02 2.111899249854797683e-02
9.448189999999999600e+02 2.129744608668588876e-02
9.452480000000000473e+02 2.153530493608849308e-02
9.456770000000000209e+02 2.183789101221364146e-02
9.461059999999999945e+02 2.222506757474691785e-02
9.465349999999999682e+02 2.230356761945149341e-02
9.469640000000000555e+02 2.238514725184799145e-02
9.473930000000000291e+02 2.279124771785343007e-02
9.478220000000000027e+02 2.292101996872831712e-02
9.482509999999999764e+02 2.322053600226674924e-02
9.486799999999999500e+02 2.356762353803776647e-02
9.491090000000000373e+02 2.391482602752934006e-02
9.495380000000000109e+02 2.403416867338283719e-02
9.499669999999999845e+02 2.405434277555374908e-02
9.503959999999999582e+02 2.429995475401411711e-02
9.508250000000000455e+02 2.492701502326821056e-02
9.512540000000000191e+02 2.490093287674451095e-02
9.516820000000000164e+02 2.511146310338044016e-02
9.521109999999999900e+02 2.508610494262349458e-02
9.525399999999999636e+02 2.549698851389808896e-02
9.529690000000000509e+02 2.583013707688965044e-02
9.533970000000000482e+02 2.550080161815012833e-02
9.538260000000000218e+02 2.593384681184899773e-02
9.542540000000000191e+02 2.617352500941457979e-02
9.546829999999999927e+02 2.689758437431916810e-02
9.551119999999999663e+02 2.664428958490858493e-02
9.555399999999999636e+02 2.712254885118121212e-02
9.559690000000000509e+02 2.724868411974017829e-02
9.563970000000000482e+02 2.773818572911287625e-02
9.568260000000000218e+02 2.792373039534684284e-02
9.572540000000000191e+02 2.817978170774006544e-02
9.576820000000000164e+02 2.812928472316425510e-02
9.581109999999999900e+02 2.832701501010346026e-02
9.585389999999999873e+02 2.868916685050019316e-02
9.589669999999999845e+02 2.923046787083670786e-02
9.593959999999999582e+02 2.948902737468157842e-02
9.598239999999999554e+02 2.950595220249086284e-02
9.602519999999999527e+02 3.006786914844226943e-02
9.606799999999999500e+02 3.045389564598707105e-02
9.611090000000000373e+02 3.026327799803189833e-02
9.615370000000000346e+02 3.058484839098554731e-02
9.619650000000000318e+02 3.058400626355614951e-02
9.623930000000000291e+02 3.085062844922359729e-02
9.628210000000000264e+02 3.131088207227899350e-02
9.632490000000000236e+02 3.203744074753841348e-02
9.636770000000000209e+02 3.214593046906781548e-02
9.641050000000000182e+02 3.206899241738696282e-02
9.645330000000000155e+02 3.273290441761951552e-02
9.649610000000000127e+02 3.286374392427730828e-02
9.653890000000000100e+02 3.364372933512292663e-02
9.658170000000000073e+02 3.365474670072371444e-02
9.662450000000000045e+02 3.435220777484373350e-02
9.666720000000000255e+02 3.412974893730074538e-02
9.671000000000000227e+02 3.411275599960168770e-02
9.675280000000000200e+02 3.504330480444641654e-02
9.679560000000000173e+02 3.487089440825189707e-02
9.683830000000000382e+02 3.590019911272575304e-02
9.688110000000000355e+02 3.521139548429095406e-02
9.692390000000000327e+02 3.596930561388771846e-02
9.696660000000000537e+02 3.571306946519790804e-02
9.700940000000000509e+02 3.602604550075367423e-02
9.705220000000000482e+02 3.639604065587704468e-02
9.709489999999999554e+02 3.706549572618747512e-02
9.713769999999999527e+02 3.742316655742480846e-02
9.718039999999999736e+02 3.709894592448199219e-02
9.722319999999999709e+02 3.763558794448310096e-02
9.726589999999999918e+02 3.744361861041279466e-02
9.730869999999999891e+02 3.853160617876424249e-02
9.735140000000000100e+02 3.835186774638951746e-02
9.739410000000000309e+02 3.916298300434418317e-02
9.743690000000000282e+02 3.952445965694947189e-02
9.747960000000000491e+02 3.950167198370296145e-02
9.752229999999999563e+02 3.979227165369574742e-02
9.756509999999999536e+02 3.954727363681841135e-02
9.760779999999999745e+02 4.074091324499407724e-02
9.765049999999999955e+02 4.049290701198228482e-02
9.769320000000000164e+02 4.101985357583459724e-02
9.773590000000000373e+02 4.068745629033495431e-02
9.777859999999999445e+02 4.107041294508751578e-02
9.782140000000000555e+02 4.178163963817129595e-02
9.786409999999999627e+02 4.182424440184361741e-02
9.790679999999999836e+02 4.242118980638755199e-02
9.794950000000000045e+02 4.245631831732361167e-02
9.799220000000000255e+02 4.337217663480247287e-02
9.803490000000000464e+02 4.352867512841193665e-02
9.807759999999999536e+02 4.409016640151352390e-02
9.812019999999999982e+02 4.449190784049984748e-02
9.816290000000000191e+02 4.515810102611529653e-02
9.820560000000000400e+02 4.516804686811734526e-02
9.824829999999999472e+02 4.517799709212671350e-02
9.829099999999999682e+02 4.583430180582871022e-02
9.833369999999999891e+02 4.540806837304047633e-02
9.837630000000000337e+02 4.710823723985849837e-02
9.841900000000000546e+02 4.736938143853651473e-02
9.846169999999999618e+02 4.693601592167268716e-02
9.850430000000000064e+02 4.836779799693285975e-02
9.854700000000000273e+02 4.904229213151475170e-02
9.858970000000000482e+02 4.801541699586275164e-02
9.863229999999999791e+02 4.901583440644823736e-02
9.867500000000000000e+02 5.016425050031727423e-02
9.871760000000000446e+02 4.922713991473871148e-02
9.876029999999999518e+02 5.139345901885283147e-02
9.880289999999999964e+02 5.046025004371511302e-02
9.884560000000000173e+02 5.032828262877568626e-02
9.888819999999999482e+02 5.120841848065920549e-02
9.893079999999999927e+02 5.093326590342155125e-02
9.897350000000000136e+02 5.225406862669304542e-02
9.901609999999999445e+02 5.269768570840799304e-02
9.905869999999999891e+02 5.429515267115031518e-02
9.910140000000000100e+02 5.355079781158105651e-02
9.914400000000000546e+02 5.542529050845672323e-02
9.918659999999999854e+02 5.435051700364016553e-02
9.922920000000000300e+02 5.471108933852260325e-02
9.927190000000000509e+02 5.734534159091856514e-02
9.931449999999999818e+02 5.539148559521693549e-02
9.935710000000000264e+02 5.629205943048325861e-02
9.939969999999999573e+02 5.708015118687122941e-02
9.944230000000000018e+02 5.772927568982096774e-02
9.948490000000000464e+02 5.982595668376799319e-02
9.952749999999999773e+02 6.011486575961944717e-02
9.957010000000000218e+02 6.013077485682196549e-02
9.961269999999999527e+02 6.119288596569230632e-02
9.965529999999999973e+02 6.252705325315244256e-02
9.969790000000000418e+02 6.064838269879126859e-02
9.974049999999999727e+02 6.291080327555430285e-02
9.978300000000000409e+02 6.400705778914496380e-02
9.982559999999999718e+02 6.254850935084720065e-02
9.986820000000000164e+02 6.167906208822650227e-02
9.991079999999999472e+02 6.438978292900687794e-02
9.995339999999999918e+02 6.549017800965493963e-02
9.999589999999999463e+02 6.190273896809180693e-02
1.000384999999999991e+03 6.367879740345842865e-02
1.000811000000000035e+03 6.504233387320558502e-02
1.001235999999999990e+03 6.623889531315108048e-02
1.001662000000000035e+03 6.430233507458123221e-02
1.002086999999999989e+03 6.578407368981499526e-02
1.002513000000000034e+03 6.522445693127140731e-02
1.002937999999999988e+03 6.529864367971702221e-02
1.003364000000000033e+03 6.651268330872785184e-02
1.003788999999999987e+03 6.604454542174793830e-02
1.004215000000000032e+03 6.624007124492771459e-02
1.004639999999999986e+03 6.510987456063702106e-02
1.005066000000000031e+03 6.670760835180944426e-02
1.005490999999999985e+03 6.614219148473514387e-02
1.005916000000000054e+03 6.714350825696284442e-02
1.006341999999999985e+03 6.601381428532426821e-02
1.006767000000000053e+03 6.736840395953312688e-02
1.007192000000000007e+03 6.771136715170665565e-02
1.007616999999999962e+03 6.635269175226549132e-02
1.008042000000000030e+03 6.642687198514915514e-02
1.008467999999999961e+03 6.805723987387825302e-02
1.008893000000000029e+03 6.787204450625869412e-02
1.009317999999999984e+03 6.766745041297402008e-02
1.009743000000000052e+03 6.933959350095755814e-02
1.010168000000000006e+03 7.110629757530892436e-02
1.010592999999999961e+03 7.087466682770511561e-02
1.011018000000000029e+03 7.185914453055905482e-02
1.011442999999999984e+03 7.187316028426678216e-02
1.011868000000000052e+03 7.390769819037343313e-02
1.012293000000000006e+03 7.365862489606848917e-02
1.012717999999999961e+03 7.419971655325749427e-02
1.013143000000000029e+03 7.460161157179205638e-02
1.013567000000000007e+03 7.710933975679122587e-02
1.013991999999999962e+03 7.882243388629005254e-02
1.014417000000000030e+03 7.813573697664606688e-02
1.014841999999999985e+03 7.912028484053074129e-02
1.015267000000000053e+03 8.052789868318364908e-02
1.015691000000000031e+03 8.194189622335572298e-02
1.016115999999999985e+03 8.286605761334725484e-02
1.016541000000000054e+03 8.736136003828375018e-02
1.016965000000000032e+03 8.678134560751747661e-02
1.017389999999999986e+03 8.585743709566320825e-02
1.017813999999999965e+03 8.713012356841470796e-02
1.018239000000000033e+03 8.697718729924412695e-02
1.018663000000000011e+03 9.003256803863478319e-02
1.019087999999999965e+03 9.025313846066651546e-02
1.019511999999999944e+03 9.346668182184839080e-02
1.019937000000000012e+03 9.206527954256671364e-02
1.020360999999999990e+03 9.743998095036425500e-02
1.020784999999999968e+03 9.470899223590324711e-02
1.021210000000000036e+03 9.700794698285565565e-02
1.021634000000000015e+03 9.758488682012197990e-02
1.022057999999999993e+03 1.008964513522207507e-01
1.022482999999999947e+03 9.978388732918676285e-02
1.022907000000000039e+03 9.996112659869388350e-02
1.023331000000000017e+03 1.053656489299037852e-01
1.023754999999999995e+03 1.004459992400916907e-01
1.024179000000000087e+03 1.051857288482308389e-01
1.024604000000000042e+03 1.098724608388209067e-01
1.025028000000000020e+03 1.045856333922559611e-01
1.025451999999999998e+03 1.104509508567124987e-01
1.025875999999999976e+03 1.096765448256520614e-01
1.026299999999999955e+03 1.097278338945005677e-01
1.026723999999999933e+03 1.107637839879154207e-01
1.027147999999999911e+03 1.138817705299941946e-01
1.027571999999999889e+03 1.130042381044115002e-01
1.027996000000000095e+03 1.139924212980956142e-01
1.028420000000000073e+03 1.121937458161996887e-01
1.028843000000000075e+03 1.160215585443038072e-01
1.029267000000000053e+03 1.208622643453178269e-01
1.029691000000000031e+03 1.123011390829903450e-01
1.030115000000000009e+03 1.193256712774613676e-01
1.030538999999999987e+03 1.193256712774613676e-01
1.030961999999999989e+03 1.225668616798997190e-01
1.031385999999999967e+03 1.242543952552425390e-01
1.031809999999999945e+03 1.204898839478278777e-01
1.032232999999999947e+03 1.259890463917525683e-01
1.032656999999999925e+03 1.216139732559344960e-01
1.033079999999999927e+03 1.277728163798736716e-01
1.033503999999999905e+03 1.210493190260008289e-01
1.033926999999999907e+03 1.310556300268096719e-01
1.034351000000000113e+03 1.264643742589199316e-01
1.034773999999999887e+03 1.296794517519619938e-01
1.035198000000000093e+03 1.338975119835653926e-01
1.035621000000000095e+03 1.329868510541827309e-01
1.036045000000000073e+03 1.360716771050800300e-01
1.036468000000000075e+03 1.343575355016033146e-01
1.036891000000000076e+03 1.377492074674181166e-01
1.037315000000000055e+03 1.315081975370669676e-01
1.037738000000000056e+03 1.386747646733150763e-01
1.038161000000000058e+03 1.379533236692995213e-01
1.038584000000000060e+03 1.375611064591781285e-01
1.039008000000000038e+03 1.419789014186977061e-01
1.039431000000000040e+03 1.388638519924098869e-01
1.039854000000000042e+03 1.443417159763313584e-01
1.040277000000000044e+03 1.369153414405986924e-01
1.040700000000000045e+03 1.466925582560761887e-01
1.041123000000000047e+03 1.441639990150209161e-01
1.041546000000000049e+03 1.511423776945914621e-01
1.041969000000000051e+03 1.446091144868469902e-01
1.042392000000000053e+03 1.446984676223430355e-01
1.042815000000000055e+03 1.530188186095138569e-01
1.043238000000000056e+03 1.470610399397136170e-01
1.043661000000000058e+03 1.525205158264947292e-01
1.044084000000000060e+03 1.455981099229047560e-01
1.044507000000000062e+03 1.500769033581133005e-01
1.044930000000000064e+03 1.502695071868583032e-01
1.045352000000000089e+03 1.513377278014734206e-01
1.045775000000000091e+03 1.479903943377148534e-01
1.046198000000000093e+03 1.585081900636252650e-01
1.046621000000000095e+03 1.578670621545099073e-01
1.047042999999999893e+03 1.573367374361730742e-01
1.047465999999999894e+03 1.642552103468314373e-01
1.047888999999999896e+03 1.606201055614826512e-01
1.048310999999999922e+03 1.643015688517990291e-01
1.048733999999999924e+03 1.623352770145049528e-01
1.049155999999999949e+03 1.612989556135770164e-01
1.049578999999999951e+03 1.667636066716583487e-01
1.050000999999999976e+03 1.559910744460001053e-01
1.050423999999999978e+03 1.701898929939323901e-01
1.050846000000000004e+03 1.572926368135008079e-01
1.051269000000000005e+03 1.793132983292233251e-01
1.051691000000000031e+03 1.648318843715791404e-01
1.052113000000000056e+03 1.696636088630470718e-01
1.052536000000000058e+03 1.681720505707958446e-01
1.052958000000000084e+03 1.704433972714853307e-01
1.053380000000000109e+03 1.861341959135492663e-01
1.053801999999999907e+03 1.696288371541554152e-01
1.054224999999999909e+03 1.716860020886485927e-01
1.054646999999999935e+03 1.704068221161412211e-01
1.055068999999999960e+03 1.790117457519759814e-01
1.055490999999999985e+03 1.831207991327241935e-01
1.055913000000000011e+03 1.828436678521725700e-01
1.056335000000000036e+03 1.815801597051596994e-01
1.056757000000000062e+03 1.797856165424965846e-01
1.057179000000000087e+03 1.845559544248478456e-01
1.057601000000000113e+03 1.786444359023640349e-01
1.058022999999999911e+03 1.872127347502228478e-01
1.058444999999999936e+03 1.874520126066745729e-01
1.058866999999999962e+03 1.917937215771115533e-01
1.059288999999999987e+03 1.868941923600729582e-01
1.059711000000000013e+03 1.890714122332127489e-01
1.060133000000000038e+03 1.947519414159287476e-01
1.060555000000000064e+03 1.892541066143121065e-01
1.060976000000000113e+03 1.963415756786332789e-01
1.061397999999999911e+03 1.882219895279666766e-01
1.061819999999999936e+03 1.936610593568303396e-01
1.062240999999999985e+03 1.992514655018182146e-01
1.062663000000000011e+03 2.017523886381469289e-01
1.063085000000000036e+03 1.986677544407894902e-01
1.063506000000000085e+03 1.931545596827478894e-01
1.063928000000000111e+03 2.032423208013487137e-01
1.064349999999999909e+03 2.069846604619096642e-01
1.064770999999999958e+03 2.082408531298768628e-01
1.065192999999999984e+03 1.947340684287335588e-01
1.065614000000000033e+03 2.021078761359811349e-01
1.066035000000000082e+03 2.048150107506922224e-01
1.066457000000000107e+03 2.042179536590253974e-01
1.066877999999999929e+03 2.114880399572342529e-01
1.067299999999999955e+03 2.231438019588704302e-01
1.067721000000000004e+03 2.249248798483720058e-01
1.068142000000000053e+03 2.129417906384614145e-01
1.068564000000000078e+03 2.184298356510745998e-01
1.068984999999999900e+03 2.096361903861903575e-01
1.069405999999999949e+03 2.168987769355174011e-01
1.069826999999999998e+03 2.096891036339718628e-01
1.070248000000000047e+03 2.043156723049776302e-01
1.070670000000000073e+03 2.113481760410052257e-01
1.071090999999999894e+03 2.146224973470065300e-01
1.071511999999999944e+03 2.185846540077021338e-01
1.071932999999999993e+03 2.133186796216990089e-01
1.072354000000000042e+03 2.256896099434377023e-01
1.072775000000000091e+03 2.065408453300966451e-01
1.073195999999999913e+03 2.149949486068705173e-01
1.073616999999999962e+03 2.179704853236571205e-01
1.074038000000000011e+03 2.127650303451763814e-01
1.074459000000000060e+03 2.177196727143365373e-01
1.074880000000000109e+03 2.206634216693708350e-01
1.075299999999999955e+03 2.238924455825864190e-01
1.075721000000000004e+03 2.208625045110068352e-01
1.076142000000000053e+03 2.350642131493195230e-01
1.076563000000000102e+03 2.220807678377399452e-01
1.076982999999999947e+03 2.212793215445687245e-01
1.077403999999999996e+03 2.214791403286978377e-01
1.077825000000000045e+03 2.281352159223801745e-01
1.078246000000000095e+03 2.389051657928904782e-01
1.078665999999999940e+03 2.260359456585745441e-01
1.079086999999999989e+03 2.414782853313970912e-01
1.079507000000000062e+03 2.206996587030716772e-01
1.079928000000000111e+03 2.323879326650274413e-01
1.080347999999999956e+03 2.361851211072664436e-01
1.080769000000000005e+03 2.152856141580515303e-01
1.081189000000000078e+03 2.295682581126445576e-01
1.081609999999999900e+03 2.221120534103211697e-01
1.082029999999999973e+03 2.321661637118068444e-01
1.082451000000000022e+03 2.253652508238740415e-01
1.082871000000000095e+03 2.302701889097363286e-01
1.083290999999999940e+03 2.150912277255542515e-01
1.083711000000000013e+03 2.335418272253436678e-01
1.084132000000000062e+03 2.440566799423780908e-01
1.084551999999999907e+03 2.287193991097922763e-01
1.084971999999999980e+03 2.321639683734939841e-01
1.085392000000000053e+03 2.317277339346110465e-01
1.085813000000000102e+03 2.312931357839459745e-01
1.086232999999999947e+03 2.277154382413561773e-01
1.086653000000000020e+03 2.530463855687888897e-01
1.087073000000000093e+03 2.378042981287636082e-01
1.087492999999999938e+03 2.433036457258414831e-01
1.087913000000000011e+03 2.310763044697961566e-01
1.088333000000000084e+03 2.266260088041085752e-01
1.088752999999999929e+03 2.583782936010037834e-01
1.089173000000000002e+03 2.377458148932076465e-01
1.089593000000000075e+03 2.375645900201257266e-01
1.090012999999999920e+03 2.312291848053123489e-01
1.090432999999999993e+03 2.546744708715907302e-01
1.090852000000000089e+03 2.372098904136815956e-01
1.091271999999999935e+03 2.438191845578097094e-01
1.091692000000000007e+03 2.435792994883904106e-01
1.092112000000000080e+03 2.428624681185010958e-01
1.092530999999999949e+03 2.421498435054773302e-01
1.092951000000000022e+03 2.450675498865865221e-01
1.093371000000000095e+03 2.563442042816303501e-01
1.093789999999999964e+03 2.440866184052295218e-01
1.094210000000000036e+03 2.524026251435572132e-01
1.094630000000000109e+03 2.452412497528178581e-01
1.095048999999999978e+03 2.416572486360093475e-01
1.095469000000000051e+03 2.646010241092383031e-01
1.095887999999999920e+03 2.522239170225747396e-01
1.096307999999999993e+03 2.632339455092677638e-01
1.096727000000000089e+03 2.544450437068290771e-01
1.097145999999999958e+03 2.601631611644470432e-01
1.097566000000000031e+03 2.701914493539367412e-01
1.097984999999999900e+03 2.648103154305200269e-01
1.098404999999999973e+03 2.504010479645304432e-01
1.098824000000000069e+03 2.491457790254661964e-01
1.099242999999999938e+03 2.598264324550397242e-01
1.099662000000000035e+03 2.622947012877348549e-01
1.100082000000000107e+03 2.800292990759521983e-01
1.100500999999999976e+03 2.587442732194918382e-01
1.100920000000000073e+03 2.511602991712148514e-01
1.101338999999999942e+03 2.514376628990743212e-01
1.101758000000000038e+03 2.562196064306300203e-01
